1.000000e+000 -4.766096e-011 -9.840653e-001 9.840653e-001 -1.086390e-010
2.000000e+000 1.516079e-010 -9.122540e-001 9.122540e-001 8.150846e-010
3.000000e+000 1.218880e-009 -8.900578e-001 8.900578e-001 6.479177e-010
4.000000e+000 -7.770049e-009 -8.900513e-001 8.900513e-001 -2.717173e-008
5.000000e+000 -2.001906e-008 -8.900306e-001 8.900306e-001 4.432534e-008
6.000000e+000 2.935142e-007 -8.900301e-001 8.900307e-001 7.537228e-007
7.000000e+000 -6.682087e-008 -8.900305e-001 8.900303e-001 -3.199627e-006
8.000000e+000 -9.124510e-006 -8.900395e-001 8.900213e-001 -1.620927e-005
9.000000e+000 2.387531e-005 -8.900065e-001 8.900543e-001 1.398632e-004
1.000000e+001 2.316668e-004 -8.897987e-001 8.902621e-001 1.791297e-004
1.100000e+001 -1.307698e-003 -8.913381e-001 8.887227e-001 -4.851104e-003
1.200000e+001 -4.208807e-003 -8.942393e-001 8.858216e-001 5.903893e-003
1.300000e+001 5.140051e-002 -8.386387e-001 9.414397e-001 1.393601e-001
1.400000e+001 1.053576e-002 -8.795051e-001 9.005767e-001 -5.191115e-001
1.500000e+001 -1.650930e+000 -2.549345e+000 -7.525141e-001 -3.169901e+000
1.600000e+001 3.604185e+000 2.649399e+000 4.558970e+000 2.397968e+001
1.700000e+001 5.008350e+001 4.682948e+001 5.333753e+001 6.245447e+001
1.800000e+001 1.170222e+002 1.116155e+002 1.224288e+002 6.645633e+001
1.900000e+001 1.762366e+002 1.695837e+002 1.828894e+002 5.017937e+001
2.000000e+001 2.158760e+002 2.087139e+002 2.230381e+002 2.938772e+001
2.100000e+001 2.365796e+002 2.293087e+002 2.438506e+002 1.329894e+001
2.200000e+001 2.447896e+002 2.375291e+002 2.520501e+002 4.157332e+000
2.300000e+001 2.468380e+002 2.395768e+002 2.540991e+002 8.467892e-001
2.400000e+001 2.472716e+002 2.399583e+002 2.545850e+002 -9.843010e-002
2.500000e+001 2.467896e+002 2.394352e+002 2.541440e+002 -5.982231e-001
2.600000e+001 2.462277e+002 2.388364e+002 2.536189e+002 -6.405574e-001
2.700000e+001 2.451385e+002 2.377335e+002 2.525435e+002 -1.792870e+000
2.800000e+001 2.427267e+002 2.353653e+002 2.500880e+002 -2.690961e+000
2.900000e+001 2.402801e+002 2.329649e+002 2.475952e+002 -2.018531e+000
3.000000e+001 2.387975e+002 2.314893e+002 2.461057e+002 -1.022497e+000
3.100000e+001 2.379510e+002 2.306295e+002 2.452725e+002 -8.788192e-001
3.200000e+001 2.368091e+002 2.294974e+002 2.441209e+002 -1.427225e+000
3.300000e+001 2.352421e+002 2.279680e+002 2.425162e+002 -1.538913e+000
3.400000e+001 2.340606e+002 2.268119e+002 2.413093e+002 -6.626708e-001
3.500000e+001 2.338884e+002 2.266202e+002 2.411567e+002 1.286129e-001
3.600000e+001 2.338293e+002 2.265375e+002 2.411212e+002 -5.456445e-001
3.700000e+001 2.327819e+002 2.255163e+002 2.400474e+002 -1.265736e+000
3.800000e+001 2.317584e+002 2.245315e+002 2.389853e+002 -6.043648e-001
3.900000e+001 2.318775e+002 2.246610e+002 2.390941e+002 9.702262e-001
4.000000e+001 2.336664e+002 2.264145e+002 2.409183e+002 2.447535e+000
4.100000e+001 2.363497e+002 2.290469e+002 2.436526e+002 2.656279e+000
4.200000e+001 2.387317e+002 2.314013e+002 2.460620e+002 2.123191e+000
4.300000e+001 2.406347e+002 2.332914e+002 2.479779e+002 1.705716e+000
4.400000e+001 2.421174e+002 2.347648e+002 2.494699e+002 1.211064e+000
4.500000e+001 2.430873e+002 2.357325e+002 2.504420e+002 8.078062e-001
4.600000e+001 2.437807e+002 2.364188e+002 2.511425e+002 5.476168e-001
4.700000e+001 2.440179e+002 2.366455e+002 2.513904e+002 -2.062579e-001
4.800000e+001 2.432815e+002 2.359054e+002 2.506577e+002 -1.220000e+000
4.900000e+001 2.414434e+002 2.340668e+002 2.488199e+002 -2.637487e+000
5.000000e+001 2.378903e+002 2.305509e+002 2.452296e+002 -4.403798e+000
5.100000e+001 2.331029e+002 2.258454e+002 2.403603e+002 -4.768733e+000
5.200000e+001 2.291267e+002 2.219429e+002 2.363104e+002 -2.812151e+000
5.300000e+001 2.278920e+002 2.207235e+002 2.350605e+002 3.846053e-001
5.400000e+001 2.297478e+002 2.225411e+002 2.369544e+002 3.137078e+000
5.500000e+001 2.338490e+002 2.265823e+002 2.411157e+002 4.938164e+000
5.600000e+001 2.392900e+002 2.319520e+002 2.466280e+002 5.736980e+000
5.700000e+001 2.448468e+002 2.374465e+002 2.522470e+002 5.107221e+000
5.800000e+001 2.494796e+002 2.420396e+002 2.569196e+002 4.402873e+000
5.900000e+001 2.535328e+002 2.460371e+002 2.610285e+002 3.339317e+000
6.000000e+001 2.558905e+002 2.483607e+002 2.634204e+002 1.472721e+000
6.100000e+001 2.565453e+002 2.490126e+002 2.640780e+002 -1.925019e-001
6.200000e+001 2.558583e+002 2.483576e+002 2.633590e+002 -7.993380e-001
6.300000e+001 2.555596e+002 2.480765e+002 2.630428e+002 4.326862e-001
6.400000e+001 2.567950e+002 2.492870e+002 2.643030e+002 1.878527e+000
6.500000e+001 2.591501e+002 2.516031e+002 2.666970e+002 2.824567e+000
6.600000e+001 2.622989e+002 2.547094e+002 2.698885e+002 3.335102e+000
6.700000e+001 2.656815e+002 2.580566e+002 2.733065e+002 3.429448e+000
6.800000e+001 2.691884e+002 2.615278e+002 2.768491e+002 3.615598e+000
6.900000e+001 2.727211e+002 2.650241e+002 2.804181e+002 3.226848e+000
7.000000e+001 2.756843e+002 2.679726e+002 2.833959e+002 2.964486e+000
7.100000e+001 2.789196e+002 2.711737e+002 2.866655e+002 3.510798e+000
7.200000e+001 2.824012e+002 2.745946e+002 2.902078e+002 3.143035e+000
7.300000e+001 2.847128e+002 2.768782e+002 2.925474e+002 1.296628e+000
7.400000e+001 2.853395e+002 2.775310e+002 2.931481e+002 4.855583e-001
7.500000e+001 2.862718e+002 2.784592e+002 2.940843e+002 1.437925e+000
7.600000e+001 2.878672e+002 2.800056e+002 2.957288e+002 1.345714e+000
7.700000e+001 2.885116e+002 2.806273e+002 2.963959e+002 -1.012854e-001
7.800000e+001 2.879650e+002 2.801004e+002 2.958296e+002 -6.471867e-001
7.900000e+001 2.875774e+002 2.797338e+002 2.954210e+002 -1.126033e-001
8.000000e+001 2.880175e+002 2.801886e+002 2.958464e+002 1.255076e+000
8.100000e+001 2.903551e+002 2.825067e+002 2.982035e+002 3.425394e+000
8.200000e+001 2.946159e+002 2.867097e+002 3.025222e+002 4.838681e+000
8.300000e+001 2.996119e+002 2.916356e+002 3.075882e+002 4.990315e+000
8.400000e+001 3.041474e+002 2.961069e+002 3.121880e+002 3.794524e+000
8.500000e+001 3.068511e+002 2.987821e+002 3.149201e+002 1.549090e+000
8.600000e+001 3.074031e+002 2.993466e+002 3.154595e+002 -2.239785e-001
8.700000e+001 3.068368e+002 2.988034e+002 3.148702e+002 -6.958504e-001
8.800000e+001 3.062450e+002 2.982249e+002 3.142652e+002 -4.666946e-001
8.900000e+001 3.060647e+002 2.980531e+002 3.140763e+002 2.462580e-001
9.000000e+001 3.069954e+002 2.989683e+002 3.150225e+002 1.732844e+000
9.100000e+001 3.092671e+002 3.011872e+002 3.173471e+002 2.429631e+000
9.200000e+001 3.113290e+002 3.032122e+002 3.194457e+002 1.549242e+000
9.300000e+001 3.124415e+002 3.043297e+002 3.205533e+002 8.966410e-001
9.400000e+001 3.136162e+002 3.055132e+002 3.217191e+002 1.725808e+000
9.500000e+001 3.160319e+002 3.079070e+002 3.241567e+002 2.971099e+000
9.600000e+001 3.194288e+002 3.112758e+002 3.275818e+002 3.827568e+000
9.700000e+001 3.237879e+002 3.156067e+002 3.319692e+002 4.986772e+000
9.800000e+001 3.294974e+002 3.212583e+002 3.377365e+002 6.431261e+000
9.900000e+001 3.361297e+002 3.277945e+002 3.444648e+002 6.313462e+000
1.000000e+002 3.413584e+002 3.329518e+002 3.497649e+002 3.897789e+000
1.010000e+002 3.438679e+002 3.354499e+002 3.522859e+002 1.310207e+000
1.020000e+002 3.443589e+002 3.359654e+002 3.527524e+002 -1.369710e-001
1.030000e+002 3.441526e+002 3.357851e+002 3.525201e+002 9.153474e-002
1.040000e+002 3.448105e+002 3.364341e+002 3.531870e+002 1.125673e+000
1.050000e+002 3.462840e+002 3.378774e+002 3.546907e+002 1.800209e+000
1.060000e+002 3.482492e+002 3.398057e+002 3.566927e+002 1.989587e+000
1.070000e+002 3.500690e+002 3.416014e+002 3.585367e+002 1.596433e+000
1.080000e+002 3.514425e+002 3.429745e+002 3.599105e+002 1.204473e+000
1.090000e+002 3.527571e+002 3.443011e+002 3.612130e+002 1.649716e+000
1.100000e+002 3.551037e+002 3.466328e+002 3.635746e+002 3.180346e+000
1.110000e+002 3.588786e+002 3.503479e+002 3.674094e+002 3.993677e+000
1.120000e+002 3.624995e+002 3.539137e+002 3.710853e+002 3.032348e+000
1.130000e+002 3.648577e+002 3.562549e+002 3.734605e+002 1.814141e+000
1.140000e+002 3.663905e+002 3.577920e+002 3.749890e+002 1.384007e+000
1.150000e+002 3.678840e+002 3.592900e+002 3.764781e+002 1.728825e+000
1.160000e+002 3.701016e+002 3.614951e+002 3.787080e+002 2.834024e+000
1.170000e+002 3.735517e+002 3.649044e+002 3.821990e+002 3.937999e+000
1.180000e+002 3.775880e+002 3.688934e+002 3.862825e+002 3.873149e+000
1.190000e+002 3.811974e+002 3.724756e+002 3.899193e+002 3.506649e+000
1.200000e+002 3.846914e+002 3.759394e+002 3.934434e+002 3.410508e+000
1.210000e+002 3.877799e+002 3.789939e+002 3.965658e+002 2.598624e+000
1.220000e+002 3.897189e+002 3.809167e+002 3.985212e+002 1.277635e+000
1.230000e+002 3.904657e+002 3.816663e+002 3.992652e+002 3.484814e-001
1.240000e+002 3.906566e+002 3.818598e+002 3.994534e+002 1.413916e-001
1.250000e+002 3.907130e+002 3.819111e+002 3.995150e+002 -1.721451e-001
1.260000e+002 3.903439e+002 3.815455e+002 3.991422e+002 -3.909590e-001
1.270000e+002 3.900351e+002 3.812403e+002 3.988300e+002 -2.977614e-001
1.280000e+002 3.898446e+002 3.810535e+002 3.986357e+002 8.422236e-002
1.290000e+002 3.901921e+002 3.813944e+002 3.989897e+002 4.316407e-001
1.300000e+002 3.906470e+002 3.818457e+002 3.994482e+002 5.962488e-001
1.310000e+002 3.914222e+002 3.826105e+002 4.002339e+002 8.736942e-001
1.320000e+002 3.923242e+002 3.834955e+002 4.011529e+002 9.406835e-001
1.330000e+002 3.931495e+002 3.843033e+002 4.019958e+002 5.457124e-001
1.340000e+002 3.933374e+002 3.844964e+002 4.021784e+002 -8.392761e-002
1.350000e+002 3.934164e+002 3.845947e+002 4.022381e+002 5.905216e-001
1.360000e+002 3.947695e+002 3.859476e+002 4.035914e+002 2.018136e+000
1.370000e+002 3.974207e+002 3.885865e+002 4.062549e+002 3.349909e+000
1.380000e+002 4.015774e+002 3.927083e+002 4.104465e+002 5.005885e+000
1.390000e+002 4.071863e+002 3.982416e+002 4.161310e+002 5.923253e+000
1.400000e+002 4.125619e+002 4.035345e+002 4.215894e+002 4.254659e+000
1.410000e+002 4.151386e+002 4.060903e+002 4.241869e+002 9.150076e-001
1.420000e+002 4.148716e+002 4.058627e+002 4.238805e+002 -9.856219e-001
1.430000e+002 4.139037e+002 4.049319e+002 4.228756e+002 -6.770629e-001
1.440000e+002 4.138390e+002 4.048648e+002 4.228132e+002 5.960787e-001
1.450000e+002 4.148329e+002 4.058315e+002 4.238344e+002 1.080371e+000
1.460000e+002 4.157876e+002 4.067802e+002 4.247951e+002 9.283578e-001
1.470000e+002 4.170873e+002 4.080798e+002 4.260948e+002 1.969243e+000
1.480000e+002 4.197108e+002 4.106671e+002 4.287545e+002 2.964199e+000
1.490000e+002 4.224838e+002 4.133961e+002 4.315715e+002 2.363627e+000
1.500000e+002 4.241875e+002 4.150840e+002 4.332910e+002 1.011307e+000
1.510000e+002 4.247439e+002 4.156542e+002 4.338337e+002 3.713374e-001
1.520000e+002 4.253021e+002 4.162222e+002 4.343820e+002 8.471997e-001
1.530000e+002 4.266228e+002 4.175305e+002 4.357150e+002 1.876406e+000
1.540000e+002 4.289576e+002 4.198329e+002 4.380823e+002 2.613660e+000
1.550000e+002 4.315806e+002 4.224350e+002 4.407261e+002 2.542402e+000
1.560000e+002 4.343010e+002 4.251551e+002 4.434470e+002 3.247063e+000
1.570000e+002 4.384385e+002 4.292670e+002 4.476100e+002 5.043248e+000
1.580000e+002 4.440368e+002 4.348051e+002 4.532685e+002 5.787273e+000
1.590000e+002 4.494780e+002 4.401914e+002 4.587645e+002 4.925943e+000
1.600000e+002 4.538195e+002 4.444976e+002 4.631413e+002 3.856874e+000
1.610000e+002 4.572036e+002 4.478461e+002 4.665610e+002 2.823408e+000
1.620000e+002 4.592015e+002 4.498168e+002 4.685862e+002 9.955652e-001
1.630000e+002 4.591721e+002 4.497986e+002 4.685455e+002 -9.002228e-001
1.640000e+002 4.580026e+002 4.486719e+002 4.673332e+002 -9.914094e-001
1.650000e+002 4.579397e+002 4.486348e+002 4.672446e+002 1.168802e+000
1.660000e+002 4.605743e+002 4.512436e+002 4.699049e+002 4.031380e+000
1.670000e+002 4.656082e+002 4.562130e+002 4.750034e+002 5.711149e+000
1.680000e+002 4.715397e+002 4.620768e+002 4.810026e+002 6.020342e+000
1.690000e+002 4.773089e+002 4.677911e+002 4.868268e+002 5.309660e+000
1.700000e+002 4.819732e+002 4.724263e+002 4.915201e+002 4.041378e+000
1.710000e+002 4.855165e+002 4.759619e+002 4.950711e+002 3.147526e+000
1.720000e+002 4.885319e+002 4.789751e+002 4.980888e+002 3.044799e+000
1.730000e+002 4.918414e+002 4.822671e+002 5.014156e+002 3.647886e+000
1.740000e+002 4.957604e+002 4.861457e+002 5.053751e+002 4.049131e+000
1.750000e+002 4.996080e+002 4.899471e+002 5.092689e+002 3.455393e+000
1.760000e+002 5.024465e+002 4.927567e+002 5.121364e+002 2.187624e+000
1.770000e+002 5.039348e+002 4.942411e+002 5.136286e+002 7.746468e-001
1.780000e+002 5.042618e+002 4.945830e+002 5.139406e+002 1.595533e-001
1.790000e+002 5.045990e+002 4.949234e+002 5.142747e+002 5.798521e-001
1.800000e+002 5.053589e+002 4.956669e+002 5.150508e+002 8.122577e-001
1.810000e+002 5.059766e+002 4.962703e+002 5.156829e+002 3.038855e-001
1.820000e+002 5.060555e+002 4.963501e+002 5.157608e+002 6.192571e-002
1.830000e+002 5.062641e+002 4.965579e+002 5.159702e+002 3.106618e-001
1.840000e+002 5.065842e+002 4.968789e+002 5.162894e+002 2.816305e-001
1.850000e+002 5.070400e+002 4.973400e+002 5.167400e+002 8.906338e-001
1.860000e+002 5.085228e+002 4.988104e+002 5.182353e+002 1.971784e+000
1.870000e+002 5.106800e+002 5.009490e+002 5.204110e+002 2.142258e+000
1.880000e+002 5.127801e+002 5.030426e+002 5.225176e+002 2.230993e+000
1.890000e+002 5.153229e+002 5.055678e+002 5.250780e+002 2.862561e+000
1.900000e+002 5.182963e+002 5.084996e+002 5.280930e+002 2.867402e+000
1.910000e+002 5.204671e+002 5.106316e+002 5.303026e+002 1.100364e+000
1.920000e+002 5.202691e+002 5.104390e+002 5.300993e+002 -1.350385e+000
1.930000e+002 5.183057e+002 5.085116e+002 5.280998e+002 -2.183019e+000
1.940000e+002 5.163722e+002 5.066046e+002 5.261397e+002 -1.608449e+000
1.950000e+002 5.152102e+002 5.054548e+002 5.249656e+002 -6.697088e-001
1.960000e+002 5.152689e+002 5.055141e+002 5.250236e+002 9.773399e-001
1.970000e+002 5.171985e+002 5.074242e+002 5.269727e+002 2.725137e+000
1.980000e+002 5.206089e+002 5.108057e+002 5.304122e+002 4.142337e+000
1.990000e+002 5.254159e+002 5.155721e+002 5.352596e+002 5.357684e+000
2.000000e+002 5.310042e+002 5.211184e+002 5.408900e+002 5.612657e+000
2.010000e+002 5.365079e+002 5.265938e+002 5.464219e+002 5.467748e+000
2.020000e+002 5.420916e+002 5.321486e+002 5.520346e+002 5.778675e+000
2.030000e+002 5.479095e+002 5.379216e+002 5.578975e+002 5.622573e+000
2.040000e+002 5.530183e+002 5.429843e+002 5.630523e+002 4.511057e+000
2.050000e+002 5.567048e+002 5.466359e+002 5.667736e+002 2.718886e+000
2.060000e+002 5.583537e+002 5.482739e+002 5.684336e+002 6.197481e-001
2.070000e+002 5.580447e+002 5.479783e+002 5.681110e+002 -1.178212e+000
2.080000e+002 5.564249e+002 5.463847e+002 5.664651e+002 -1.693435e+000
2.090000e+002 5.549938e+002 5.449623e+002 5.650253e+002 -1.200633e+000
2.100000e+002 5.539947e+002 5.439581e+002 5.640312e+002 -7.946891e-001
2.110000e+002 5.532916e+002 5.432521e+002 5.633311e+002 -7.272688e-001
2.120000e+002 5.526692e+002 5.426419e+002 5.626965e+002 -2.726682e-001
2.130000e+002 5.531450e+002 5.431222e+002 5.631678e+002 1.378168e+000
2.140000e+002 5.553740e+002 5.453328e+002 5.654153e+002 2.874527e+000
2.150000e+002 5.587575e+002 5.486911e+002 5.688240e+002 3.961320e+000
2.160000e+002 5.632224e+002 5.531245e+002 5.733203e+002 4.825285e+000
2.170000e+002 5.682651e+002 5.581349e+002 5.783953e+002 5.260202e+000
2.180000e+002 5.736478e+002 5.634811e+002 5.838144e+002 5.409963e+000
2.190000e+002 5.789210e+002 5.687136e+002 5.891284e+002 5.067666e+000
2.200000e+002 5.836239e+002 5.733734e+002 5.938745e+002 4.247936e+000
2.210000e+002 5.871164e+002 5.768329e+002 5.974000e+002 2.526902e+000
2.220000e+002 5.887258e+002 5.784389e+002 5.990127e+002 9.500802e-001
2.230000e+002 5.892854e+002 5.790147e+002 5.995561e+002 1.797001e-001
2.240000e+002 5.895998e+002 5.793550e+002 5.998445e+002 9.529818e-001
2.250000e+002 5.916833e+002 5.814337e+002 6.019330e+002 3.202132e+000
2.260000e+002 5.958726e+002 5.855804e+002 6.061649e+002 5.057044e+000
2.270000e+002 6.014497e+002 5.910919e+002 6.118074e+002 5.868731e+000
2.280000e+002 6.069718e+002 5.965555e+002 6.173882e+002 4.765689e+000
2.290000e+002 6.107160e+002 6.002836e+002 6.211484e+002 2.867502e+000
2.300000e+002 6.130521e+002 6.026329e+002 6.234713e+002 2.004986e+000
2.310000e+002 6.151575e+002 6.047481e+002 6.255670e+002 2.437140e+000
2.320000e+002 6.180558e+002 6.076259e+002 6.284857e+002 3.257591e+000
2.330000e+002 6.213514e+002 6.108789e+002 6.318239e+002 3.114212e+000
2.340000e+002 6.237997e+002 6.132901e+002 6.343094e+002 1.517312e+000
2.350000e+002 6.242380e+002 6.137195e+002 6.347564e+002 -5.238744e-001
2.360000e+002 6.229730e+002 6.124644e+002 6.334816e+002 -1.901936e+000
2.370000e+002 6.205049e+002 6.100184e+002 6.309914e+002 -3.067568e+000
2.380000e+002 6.171671e+002 6.067204e+002 6.276138e+002 -3.245598e+000
2.390000e+002 6.145759e+002 6.041638e+002 6.249881e+002 -1.736968e+000
2.400000e+002 6.140548e+002 6.036514e+002 6.244582e+002 8.565935e-001
2.410000e+002 6.161741e+002 6.057473e+002 6.266010e+002 3.105266e+000
2.420000e+002 6.200383e+002 6.095747e+002 6.305019e+002 4.672937e+000
2.430000e+002 6.253023e+002 6.147875e+002 6.358172e+002 5.587611e+000
2.440000e+002 6.307062e+002 6.201427e+002 6.412697e+002 4.980267e+000
2.450000e+002 6.350513e+002 6.244613e+002 6.456412e+002 3.738087e+000
2.460000e+002 6.382075e+002 6.276131e+002 6.488020e+002 2.571430e+000
2.470000e+002 6.404484e+002 6.298650e+002 6.510318e+002 2.167579e+000
2.480000e+002 6.429397e+002 6.323568e+002 6.535225e+002 2.954633e+000
2.490000e+002 6.463980e+002 6.357875e+002 6.570085e+002 3.862747e+000
2.500000e+002 6.503917e+002 6.397325e+002 6.610509e+002 3.950444e+000
2.510000e+002 6.537626e+002 6.430583e+002 6.644670e+002 2.429333e+000
2.520000e+002 6.549786e+002 6.442656e+002 6.656915e+002 9.284304e-002
2.530000e+002 6.542644e+002 6.435737e+002 6.649552e+002 -1.295387e+000
2.540000e+002 6.528857e+002 6.422199e+002 6.635515e+002 -1.189878e+000
2.550000e+002 6.521515e+002 6.414896e+002 6.628135e+002 -2.837446e-001
2.560000e+002 6.522862e+002 6.416127e+002 6.629598e+002 5.264718e-001
2.570000e+002 6.531084e+002 6.424241e+002 6.637927e+002 1.048421e+000
2.580000e+002 6.545360e+002 6.438513e+002 6.652208e+002 2.029220e+000
2.590000e+002 6.575058e+002 6.468129e+002 6.681988e+002 4.027101e+000
2.600000e+002 6.625735e+002 6.518527e+002 6.732942e+002 5.974665e+000
2.610000e+002 6.692884e+002 6.585294e+002 6.800473e+002 7.421860e+000
2.620000e+002 6.772892e+002 6.664834e+002 6.880950e+002 8.485126e+000
2.630000e+002 6.860571e+002 6.751934e+002 6.969207e+002 8.943674e+000
2.640000e+002 6.947880e+002 6.838564e+002 7.057196e+002 8.236642e+000
2.650000e+002 7.019877e+002 6.909963e+002 7.129791e+002 5.901635e+000
2.660000e+002 7.062569e+002 6.952351e+002 7.172786e+002 2.563428e+000
2.670000e+002 7.071609e+002 6.961449e+002 7.181768e+002 -6.358558e-001
2.680000e+002 7.054351e+002 6.944484e+002 7.164219e+002 -2.485311e+000
2.690000e+002 7.026092e+002 6.916524e+002 7.135660e+002 -3.077830e+000
2.700000e+002 6.995776e+002 6.886464e+002 7.105088e+002 -2.775884e+000
2.710000e+002 6.972511e+002 6.863361e+002 7.081661e+002 -1.892983e+000
2.720000e+002 6.959203e+002 6.850129e+002 7.068278e+002 -6.239934e-001
2.730000e+002 6.960722e+002 6.851521e+002 7.069922e+002 8.521321e-001
2.740000e+002 6.973596e+002 6.864078e+002 7.083114e+002 1.533266e+000
2.750000e+002 6.986431e+002 6.876603e+002 7.096259e+002 7.276448e-001
2.760000e+002 6.985307e+002 6.875458e+002 7.095155e+002 -9.307073e-001
2.770000e+002 6.970783e+002 6.861198e+002 7.080369e+002 -1.699103e+000
2.780000e+002 6.956347e+002 6.847049e+002 7.065645e+002 -9.608069e-001
2.790000e+002 6.955588e+002 6.846383e+002 7.064792e+002 9.836788e-001
2.800000e+002 6.975826e+002 6.866484e+002 7.085167e+002 2.869804e+000
2.810000e+002 7.012805e+002 6.903278e+002 7.122332e+002 4.702232e+000
2.820000e+002 7.071275e+002 6.961433e+002 7.181116e+002 6.955939e+000
2.830000e+002 7.149605e+002 7.039298e+002 7.259911e+002 8.513871e+000
2.840000e+002 7.239561e+002 7.128703e+002 7.350419e+002 9.474522e+000
2.850000e+002 7.335660e+002 7.224137e+002 7.447182e+002 9.404580e+000
2.860000e+002 7.422758e+002 7.310613e+002 7.534903e+002 7.866281e+000
2.870000e+002 7.491012e+002 7.378360e+002 7.603664e+002 5.736117e+000
2.880000e+002 7.534272e+002 7.421302e+002 7.647243e+002 2.643500e+000
2.890000e+002 7.543168e+002 7.430290e+002 7.656046e+002 -6.633579e-001
2.900000e+002 7.527787e+002 7.415293e+002 7.640280e+002 -1.935852e+000
2.910000e+002 7.510959e+002 7.398776e+002 7.623142e+002 -1.256059e+000
2.920000e+002 7.505957e+002 7.393844e+002 7.618070e+002 4.112621e-001
2.930000e+002 7.519362e+002 7.407044e+002 7.631680e+002 2.132013e+000
2.940000e+002 7.545153e+002 7.432526e+002 7.657781e+002 2.819593e+000
2.950000e+002 7.574288e+002 7.461403e+002 7.687172e+002 3.067250e+000
2.960000e+002 7.605454e+002 7.492318e+002 7.718591e+002 3.001696e+000
2.970000e+002 7.631992e+002 7.518659e+002 7.745325e+002 2.237220e+000
2.980000e+002 7.650542e+002 7.537090e+002 7.763993e+002 1.575605e+000
2.990000e+002 7.663102e+002 7.549579e+002 7.776624e+002 7.933148e-001
3.000000e+002 7.666034e+002 7.552620e+002 7.779449e+002 -1.010979e-001
3.010000e+002 7.665423e+002 7.552233e+002 7.778613e+002 3.074072e-001
3.020000e+002 7.677767e+002 7.564603e+002 7.790931e+002 2.391272e+000
3.030000e+002 7.711792e+002 7.598303e+002 7.825280e+002 4.038208e+000
3.040000e+002 7.753114e+002 7.639269e+002 7.866959e+002 4.060123e+000
3.050000e+002 7.792361e+002 7.678299e+002 7.906422e+002 3.891992e+000
3.060000e+002 7.831980e+002 7.717706e+002 7.946255e+002 4.031698e+000
3.070000e+002 7.870577e+002 7.756033e+002 7.985121e+002 3.446196e+000
3.080000e+002 7.899045e+002 7.784301e+002 8.013790e+002 2.302982e+000
3.090000e+002 7.916422e+002 7.801548e+002 8.031296e+002 1.095155e+000
3.100000e+002 7.920477e+002 7.805595e+002 8.035360e+002 -2.539354e-001
3.110000e+002 7.912984e+002 7.798221e+002 8.027746e+002 -1.110849e+000
3.120000e+002 7.901160e+002 7.786561e+002 8.015760e+002 -1.097803e+000
3.130000e+002 7.893643e+002 7.779143e+002 8.008143e+002 -3.000436e-001
3.140000e+002 7.895732e+002 7.781229e+002 8.010236e+002 6.695994e-001
3.150000e+002 7.908085e+002 7.793491e+002 8.022679e+002 1.954152e+000
3.160000e+002 7.934637e+002 7.819791e+002 8.049483e+002 3.185140e+000
3.170000e+002 7.969291e+002 7.854136e+002 8.084446e+002 3.667175e+000
3.180000e+002 8.005843e+002 7.890448e+002 8.121239e+002 3.508013e+000
3.190000e+002 8.038886e+002 7.923425e+002 8.154348e+002 3.179384e+000
3.200000e+002 8.072197e+002 7.956749e+002 8.187645e+002 3.680614e+000
3.210000e+002 8.115464e+002 7.999874e+002 8.231054e+002 5.071402e+000
3.220000e+002 8.171934e+002 8.055935e+002 8.287933e+002 5.954915e+000
3.230000e+002 8.230586e+002 8.114090e+002 8.347082e+002 5.645532e+000
3.240000e+002 8.280961e+002 8.164059e+002 8.397862e+002 4.170892e+000
3.250000e+002 8.312227e+002 8.195188e+002 8.429267e+002 2.163258e+000
3.260000e+002 8.326895e+002 8.209915e+002 8.443875e+002 9.565580e-001
3.270000e+002 8.334162e+002 8.217262e+002 8.451061e+002 5.908406e-001
3.280000e+002 8.339857e+002 8.222989e+002 8.456726e+002 5.686778e-001
3.290000e+002 8.346252e+002 8.229378e+002 8.463125e+002 7.614350e-001
3.300000e+002 8.355752e+002 8.238825e+002 8.472679e+002 1.153952e+000
3.310000e+002 8.369592e+002 8.252531e+002 8.486653e+002 1.624878e+000
3.320000e+002 8.386399e+002 8.269128e+002 8.503669e+002 1.540493e+000
3.330000e+002 8.398014e+002 8.280587e+002 8.515442e+002 7.398026e-001
3.340000e+002 8.400199e+002 8.282735e+002 8.517664e+002 -3.594805e-001
3.350000e+002 8.391701e+002 8.274332e+002 8.509069e+002 -1.195900e+000
3.360000e+002 8.378375e+002 8.261136e+002 8.495615e+002 -1.404102e+000
3.370000e+002 8.364701e+002 8.247574e+002 8.481827e+002 -1.287713e+000
3.380000e+002 8.354287e+002 8.237243e+002 8.471331e+002 -6.716485e-001
3.390000e+002 8.352360e+002 8.235327e+002 8.469393e+002 2.720953e-001
3.400000e+002 8.359426e+002 8.242372e+002 8.476480e+002 1.125098e+000
3.410000e+002 8.375833e+002 8.258741e+002 8.492925e+002 2.269445e+000
3.420000e+002 8.404878e+002 8.287659e+002 8.522097e+002 3.432705e+000
3.430000e+002 8.443889e+002 8.326455e+002 8.561324e+002 4.416614e+000
3.440000e+002 8.490737e+002 8.372980e+002 8.608494e+002 4.658530e+000
3.450000e+002 8.534074e+002 8.416016e+002 8.652131e+002 4.004517e+000
3.460000e+002 8.569239e+002 8.450916e+002 8.687563e+002 2.874008e+000
3.470000e+002 8.588842e+002 8.470363e+002 8.707322e+002 9.301301e-001
3.480000e+002 8.587275e+002 8.468836e+002 8.705715e+002 -1.183664e+000
3.490000e+002 8.567423e+002 8.449175e+002 8.685671e+002 -2.621197e+000
3.500000e+002 8.537341e+002 8.419330e+002 8.655353e+002 -3.311706e+000
3.510000e+002 8.503478e+002 8.385699e+002 8.621258e+002 -3.315442e+000
3.520000e+002 8.473145e+002 8.355540e+002 8.590751e+002 -2.685309e+000
3.530000e+002 8.450912e+002 8.333409e+002 8.568415e+002 -1.713148e+000
3.540000e+002 8.439608e+002 8.322133e+002 8.557084e+002 -5.231990e-001
3.550000e+002 8.440478e+002 8.322951e+002 8.558004e+002 6.755213e-001
3.560000e+002 8.452300e+002 8.334668e+002 8.569932e+002 1.628547e+000
3.570000e+002 8.472654e+002 8.354892e+002 8.590415e+002 2.463122e+000
3.580000e+002 8.500557e+002 8.382639e+002 8.618475e+002 2.996072e+000
3.590000e+002 8.532274e+002 8.414214e+002 8.650333e+002 3.438566e+000
3.600000e+002 8.569980e+002 8.451732e+002 8.688229e+002 4.076624e+000
3.610000e+002 8.611819e+002 8.493363e+002 8.730276e+002 4.118685e+000
3.620000e+002 8.652031e+002 8.533449e+002 8.770612e+002 4.063759e+000
3.630000e+002 8.694821e+002 8.576092e+002 8.813550e+002 4.526766e+000
3.640000e+002 8.743029e+002 8.624028e+002 8.862030e+002 5.128754e+000
3.650000e+002 8.794062e+002 8.674686e+002 8.913438e+002 4.730417e+000
3.660000e+002 8.834139e+002 8.714519e+002 8.953759e+002 3.282579e+000
3.670000e+002 8.861274e+002 8.741549e+002 8.981000e+002 2.303044e+000
3.680000e+002 8.879986e+002 8.760181e+002 8.999791e+002 1.259251e+000
3.690000e+002 8.885910e+002 8.766112e+002 9.005707e+002 5.049380e-002
3.700000e+002 8.883453e+002 8.763670e+002 9.003235e+002 -4.211070e-001
3.710000e+002 8.878081e+002 8.758233e+002 8.997929e+002 -7.145596e-001
3.720000e+002 8.867288e+002 8.747396e+002 8.987180e+002 -1.570185e+000
3.730000e+002 8.846695e+002 8.726947e+002 8.966443e+002 -2.420572e+000
3.740000e+002 8.822954e+002 8.703495e+002 8.942412e+002 -2.047796e+000
3.750000e+002 8.810424e+002 8.691188e+002 8.929661e+002 -2.694615e-001
3.760000e+002 8.819369e+002 8.700136e+002 8.938602e+002 2.050197e+000
3.770000e+002 8.851416e+002 8.731950e+002 8.970881e+002 4.366082e+000
3.780000e+002 8.903999e+002 8.784101e+002 9.023897e+002 5.874552e+000
3.790000e+002 8.963357e+002 8.843044e+002 9.083669e+002 5.718024e+000
3.800000e+002 9.016301e+002 8.895761e+002 9.136841e+002 4.944026e+000
3.810000e+002 9.063511e+002 8.942811e+002 9.184210e+002 4.552097e+000
3.820000e+002 9.107315e+002 8.986376e+002 9.228253e+002 4.151615e+000
3.830000e+002 9.142532e+002 9.021326e+002 9.263738e+002 2.547813e+000
3.840000e+002 9.156091e+002 9.034816e+002 9.277367e+002 2.901224e-001
3.850000e+002 9.151024e+002 9.029823e+002 9.272225e+002 -1.160702e+000
3.860000e+002 9.134505e+002 9.013399e+002 9.255610e+002 -2.123297e+000
3.870000e+002 9.109623e+002 8.988627e+002 9.230620e+002 -2.766254e+000
3.880000e+002 9.079981e+002 8.959140e+002 9.200822e+002 -3.168814e+000
3.890000e+002 9.047372e+002 8.926809e+002 9.167935e+002 -3.233957e+000
3.900000e+002 9.020304e+002 8.900054e+002 9.140554e+002 -1.798504e+000
3.910000e+002 9.015472e+002 8.895283e+002 9.135660e+002 8.578624e-001
3.920000e+002 9.035865e+002 8.915421e+002 9.156308e+002 3.035294e+000
3.930000e+002 9.071334e+002 8.950491e+002 9.192178e+002 3.759842e+000
3.940000e+002 9.107144e+002 8.985984e+002 9.228304e+002 3.309089e+000
3.950000e+002 9.136656e+002 9.015327e+002 9.257984e+002 2.600124e+000
3.960000e+002 9.158952e+002 9.037578e+002 9.280325e+002 1.832790e+000
3.970000e+002 9.174038e+002 9.052734e+002 9.295341e+002 1.283300e+000
3.980000e+002 9.187540e+002 9.066336e+002 9.308743e+002 1.610383e+000
3.990000e+002 9.209201e+002 9.087964e+002 9.330439e+002 2.824245e+000
4.000000e+002 9.243220e+002 9.121754e+002 9.364686e+002 3.796821e+000
4.010000e+002 9.281946e+002 9.160198e+002 9.403694e+002 3.811897e+000
4.020000e+002 9.319000e+002 9.197001e+002 9.440999e+002 3.689560e+000
4.030000e+002 9.354584e+002 9.232315e+002 9.476852e+002 3.221215e+000
4.040000e+002 9.380627e+002 9.258177e+002 9.503078e+002 1.913786e+000
4.050000e+002 9.392861e+002 9.270385e+002 9.515336e+002 6.067439e-001
4.060000e+002 9.395436e+002 9.273026e+002 9.517845e+002 1.017142e-001
4.070000e+002 9.396298e+002 9.273946e+002 9.518651e+002 1.766712e-002
4.080000e+002 9.396490e+002 9.274227e+002 9.518753e+002 1.439032e-001
4.090000e+002 9.402613e+002 9.280407e+002 9.524818e+002 1.301045e+000
4.100000e+002 9.423652e+002 9.301344e+002 9.545960e+002 2.800514e+000
4.110000e+002 9.456609e+002 9.334102e+002 9.579115e+002 3.695745e+000
4.120000e+002 9.495688e+002 9.372973e+002 9.618402e+002 4.027251e+000
4.130000e+002 9.536462e+002 9.413536e+002 9.659389e+002 4.151345e+000
4.140000e+002 9.577616e+002 9.454390e+002 9.700843e+002 3.945954e+000
4.150000e+002 9.611351e+002 9.487779e+002 9.734922e+002 2.531318e+000
4.160000e+002 9.624030e+002 9.500255e+002 9.747805e+002 -1.472102e-001
4.170000e+002 9.607614e+002 9.483912e+002 9.731317e+002 -3.063414e+000
4.180000e+002 9.565801e+002 9.442415e+002 9.689187e+002 -5.067822e+000
4.190000e+002 9.510780e+002 9.387823e+002 9.633737e+002 -5.715575e+000
4.200000e+002 9.456035e+002 9.333509e+002 9.578561e+002 -4.999652e+000
4.210000e+002 9.415078e+002 9.292887e+002 9.537268e+002 -2.996500e+000
4.220000e+002 9.399491e+002 9.277436e+002 9.521547e+002 2.255515e-002
4.230000e+002 9.416995e+002 9.294777e+002 9.539213e+002 3.481465e+000
4.240000e+002 9.465891e+002 9.343235e+002 9.588547e+002 5.971459e+000
4.250000e+002 9.530868e+002 9.407727e+002 9.654009e+002 6.794657e+000
4.260000e+002 9.598258e+002 9.474748e+002 9.721768e+002 6.559977e+000
4.270000e+002 9.661824e+002 9.538057e+002 9.785590e+002 6.252033e+000
4.280000e+002 9.723121e+002 9.599085e+002 9.847157e+002 5.890797e+000
4.290000e+002 9.777086e+002 9.652800e+002 9.901373e+002 4.763660e+000
4.300000e+002 9.818177e+002 9.693743e+002 9.942611e+002 3.571462e+000
4.310000e+002 9.848902e+002 9.724392e+002 9.973413e+002 2.495221e+000
4.320000e+002 9.869224e+002 9.744710e+002 9.993737e+002 1.761633e+000
4.330000e+002 9.886791e+002 9.762220e+002 1.001136e+003 1.824988e+000
4.340000e+002 9.904766e+002 9.780032e+002 1.002950e+003 1.601213e+000
4.350000e+002 9.916876e+002 9.792001e+002 1.004175e+003 7.956268e-001
4.360000e+002 9.920066e+002 9.795145e+002 1.004499e+003 -1.938814e-001
4.370000e+002 9.914171e+002 9.789306e+002 1.003904e+003 -8.315573e-001
4.380000e+002 9.904941e+002 9.780142e+002 1.002974e+003 -1.017462e+000
4.390000e+002 9.893733e+002 9.769014e+002 1.001845e+003 -1.230121e+000
4.400000e+002 9.881972e+002 9.757346e+002 1.000660e+003 -9.527208e-001
4.410000e+002 9.876445e+002 9.751837e+002 1.000105e+003 -1.452563e-001
4.420000e+002 9.876863e+002 9.752235e+002 1.000149e+003 1.225442e-003
4.430000e+002 9.876664e+002 9.752100e+002 1.000123e+003 2.059939e-001
4.440000e+002 9.883784e+002 9.759214e+002 1.000835e+003 1.250906e+000
4.450000e+002 9.899804e+002 9.775093e+002 1.002451e+003 1.732221e+000
4.460000e+002 9.915039e+002 9.790185e+002 1.003989e+003 1.196804e+000
4.470000e+002 9.922999e+002 9.798072e+002 1.004793e+003 4.391673e-001
4.480000e+002 9.923352e+002 9.798375e+002 1.004833e+003 -4.595760e-001
4.490000e+002 9.912611e+002 9.787628e+002 1.003759e+003 -1.717253e+000
4.500000e+002 9.889190e+002 9.764274e+002 1.001411e+003 -2.920090e+000
4.510000e+002 9.853888e+002 9.729154e+002 9.978622e+002 -4.219266e+000
4.520000e+002 9.806792e+002 9.682434e+002 9.931149e+002 -4.922255e+000
4.530000e+002 9.760085e+002 9.636179e+002 9.883990e+002 -4.232685e+000
4.540000e+002 9.727099e+002 9.603540e+002 9.850658e+002 -2.054795e+000
4.550000e+002 9.721109e+002 9.597576e+002 9.844642e+002 7.589560e-001
4.560000e+002 9.739847e+002 9.616031e+002 9.863663e+002 2.843366e+000
4.570000e+002 9.771648e+002 9.647397e+002 9.895898e+002 3.029264e+000
4.580000e+002 9.793997e+002 9.669471e+002 9.918522e+002 1.284477e+000
4.590000e+002 9.796358e+002 9.671804e+002 9.920912e+002 -7.539594e-001
4.600000e+002 9.778691e+002 9.654275e+002 9.903107e+002 -2.860233e+000
4.610000e+002 9.740628e+002 9.616492e+002 9.864764e+002 -4.524209e+000
4.620000e+002 9.690573e+002 9.566763e+002 9.814384e+002 -5.478385e+000
4.630000e+002 9.631357e+002 9.507963e+002 9.754750e+002 -6.343659e+000
4.640000e+002 9.568202e+002 9.445308e+002 9.691096e+002 -5.858351e+000
4.650000e+002 9.519219e+002 9.396631e+002 9.641808e+002 -3.864136e+000
4.660000e+002 9.490520e+002 9.367934e+002 9.613106e+002 -1.989675e+000
4.670000e+002 9.474448e+002 9.351702e+002 9.597194e+002 -1.608591e+000
4.680000e+002 9.453009e+002 9.330249e+002 9.575768e+002 -2.829408e+000
4.690000e+002 9.417208e+002 9.294698e+002 9.539718e+002 -4.245816e+000
4.700000e+002 9.369947e+002 9.247823e+002 9.492071e+002 -5.105730e+000
4.710000e+002 9.316966e+002 9.195187e+002 9.438745e+002 -5.403703e+000
4.720000e+002 9.260429e+002 9.138885e+002 9.381974e+002 -6.134788e+000
4.730000e+002 9.190129e+002 9.068884e+002 9.311375e+002 -8.108170e+000
4.740000e+002 9.098751e+002 8.977969e+002 9.219532e+002 -9.936195e+000
4.750000e+002 8.992995e+002 8.872679e+002 9.113311e+002 -1.128735e+001
4.760000e+002 8.869608e+002 8.749809e+002 8.989407e+002 -1.365714e+001
4.770000e+002 8.718091e+002 8.599093e+002 8.837089e+002 -1.655532e+001
4.780000e+002 8.542552e+002 8.424614e+002 8.660490e+002 -1.823834e+001
4.790000e+002 8.357558e+002 8.240716e+002 8.474400e+002 -1.865131e+001
4.800000e+002 8.171185e+002 8.055384e+002 8.286986e+002 -1.856673e+001
4.810000e+002 7.987028e+002 7.872208e+002 8.101847e+002 -1.824074e+001
4.820000e+002 7.805887e+002 7.692004e+002 7.919769e+002 -1.805970e+001
4.830000e+002 7.624835e+002 7.511879e+002 7.737791e+002 -1.817838e+001
4.840000e+002 7.440864e+002 7.328827e+002 7.552901e+002 -1.873355e+001
4.850000e+002 7.247099e+002 7.136056e+002 7.358141e+002 -2.020833e+001
4.860000e+002 7.034513e+002 6.924700e+002 7.144326e+002 -2.233856e+001
4.870000e+002 6.801042e+002 6.692729e+002 6.909355e+002 -2.425442e+001
4.880000e+002 6.552558e+002 6.445884e+002 6.659233e+002 -2.523004e+001
4.890000e+002 6.299146e+002 6.194040e+002 6.404251e+002 -2.539423e+001
4.900000e+002 6.044700e+002 5.941050e+002 6.148349e+002 -2.555073e+001
4.910000e+002 5.785768e+002 5.683637e+002 5.887900e+002 -2.641614e+001
4.920000e+002 5.516392e+002 5.416083e+002 5.616701e+002 -2.727700e+001
4.930000e+002 5.245622e+002 5.147287e+002 5.343956e+002 -2.651989e+001
4.940000e+002 4.990368e+002 4.893806e+002 5.086931e+002 -2.445056e+001
4.950000e+002 4.758340e+002 4.663268e+002 4.853411e+002 -2.186248e+001
4.960000e+002 4.552748e+002 4.459004e+002 4.646493e+002 -1.938546e+001
4.970000e+002 4.372615e+002 4.280288e+002 4.464942e+002 -1.631313e+001
4.980000e+002 4.232413e+002 4.141409e+002 4.323416e+002 -1.146273e+001
4.990000e+002 4.150253e+002 4.060120e+002 4.240385e+002 -4.544558e+000
5.000000e+002 4.144246e+002 4.054111e+002 4.234381e+002 3.191006e+000
5.010000e+002 4.210805e+002 4.119924e+002 4.301686e+002 9.946273e+000
5.020000e+002 4.338097e+002 4.245996e+002 4.430197e+002 1.517903e+001
5.030000e+002 4.510326e+002 4.416811e+002 4.603842e+002 1.919390e+001
5.040000e+002 4.718744e+002 4.623696e+002 4.813792e+002 2.223964e+001
5.050000e+002 4.954236e+002 4.857673e+002 5.050798e+002 2.502040e+001
5.060000e+002 5.221805e+002 5.123543e+002 5.320066e+002 2.859695e+001
5.070000e+002 5.525915e+002 5.425613e+002 5.626217e+002 3.209557e+001
5.080000e+002 5.860703e+002 5.758182e+002 5.963224e+002 3.469034e+001
5.090000e+002 6.217891e+002 6.113184e+002 6.322598e+002 3.673591e+001
5.100000e+002 6.595835e+002 6.488956e+002 6.702714e+002 3.890544e+001
5.110000e+002 6.994656e+002 6.885494e+002 7.103818e+002 4.067192e+001
5.120000e+002 7.405583e+002 7.294055e+002 7.517112e+002 4.133148e+001
5.130000e+002 7.817771e+002 7.703827e+002 7.931715e+002 4.093658e+001
5.140000e+002 8.217093e+002 8.100783e+002 8.333404e+002 3.837520e+001
5.150000e+002 8.578977e+002 8.460672e+002 8.697281e+002 3.392430e+001
5.160000e+002 8.895008e+002 8.775140e+002 9.014876e+002 2.930205e+001
5.170000e+002 9.165743e+002 9.044671e+002 9.286816e+002 2.489752e+001
5.180000e+002 9.396414e+002 9.274395e+002 9.518432e+002 2.152947e+001
5.190000e+002 9.599496e+002 9.476606e+002 9.722386e+002 1.911031e+001
5.200000e+002 9.779822e+002 9.656097e+002 9.903547e+002 1.705180e+001
5.210000e+002 9.941870e+002 9.817305e+002 1.006644e+003 1.539487e+001
5.220000e+002 1.008623e+003 9.960823e+002 1.021163e+003 1.329055e+001
5.230000e+002 1.020524e+003 1.007913e+003 1.033135e+003 1.045334e+001
5.240000e+002 1.029466e+003 1.016805e+003 1.042128e+003 7.426690e+000
5.250000e+002 1.035408e+003 1.022718e+003 1.048098e+003 4.492477e+000
5.260000e+002 1.038702e+003 1.026002e+003 1.051403e+003 2.311453e+000
5.270000e+002 1.040375e+003 1.027669e+003 1.053081e+003 1.163050e+000
5.280000e+002 1.041183e+003 1.028472e+003 1.053894e+003 4.782464e-001
5.290000e+002 1.041467e+003 1.028759e+003 1.054176e+003 2.009415e-001
5.300000e+002 1.041852e+003 1.029151e+003 1.054552e+003 7.241334e-001
5.310000e+002 1.043303e+003 1.030608e+003 1.055999e+003 2.410377e+000
5.320000e+002 1.046888e+003 1.034177e+003 1.059599e+003 4.744385e+000
5.330000e+002 1.052611e+003 1.039863e+003 1.065359e+003 6.534914e+000
5.340000e+002 1.059548e+003 1.046752e+003 1.072344e+003 7.094372e+000
5.350000e+002 1.066392e+003 1.053552e+003 1.079233e+003 6.430725e+000
5.360000e+002 1.072251e+003 1.059374e+003 1.085129e+003 5.293303e+000
5.370000e+002 1.076751e+003 1.063842e+003 1.089659e+003 3.471480e+000
5.380000e+002 1.078971e+003 1.066050e+003 1.091893e+003 9.800397e-001
5.390000e+002 1.078861e+003 1.065949e+003 1.091772e+003 -1.061476e+000
5.400000e+002 1.077292e+003 1.064407e+003 1.090176e+003 -1.772628e+000
5.410000e+002 1.075855e+003 1.062998e+003 1.088711e+003 -8.660546e-001
5.420000e+002 1.076049e+003 1.063208e+003 1.088891e+003 1.509449e+000
5.430000e+002 1.079080e+003 1.066229e+003 1.091931e+003 4.504497e+000
5.440000e+002 1.084974e+003 1.072092e+003 1.097857e+003 7.247631e+000
5.450000e+002 1.093357e+003 1.080425e+003 1.106289e+003 9.335340e+000
5.460000e+002 1.103219e+003 1.090226e+003 1.116211e+003 1.014435e+001
5.470000e+002 1.113203e+003 1.100148e+003 1.126258e+003 9.625058e+000
5.480000e+002 1.121964e+003 1.108855e+003 1.135073e+003 7.591029e+000
5.490000e+002 1.127995e+003 1.114857e+003 1.141133e+003 4.387849e+000
5.500000e+002 1.130778e+003 1.117641e+003 1.143915e+003 1.298905e+000
5.510000e+002 1.131015e+003 1.117897e+003 1.144133e+003 -5.232030e-001
5.520000e+002 1.130126e+003 1.117026e+003 1.143226e+003 -1.160687e+000
5.530000e+002 1.128977e+003 1.115888e+003 1.142066e+003 -9.476148e-001
5.540000e+002 1.128385e+003 1.115293e+003 1.141476e+003 -2.735149e-001
5.550000e+002 1.128408e+003 1.115308e+003 1.141508e+003 3.338208e-001
5.560000e+002 1.128989e+003 1.115882e+003 1.142097e+003 7.529443e-001
5.570000e+002 1.129983e+003 1.116873e+003 1.143093e+003 1.378894e+000
5.580000e+002 1.131813e+003 1.118701e+003 1.144924e+003 2.200885e+000
5.590000e+002 1.134436e+003 1.121321e+003 1.147551e+003 3.177364e+000
5.600000e+002 1.138352e+003 1.125219e+003 1.151485e+003 4.708609e+000
5.610000e+002 1.143624e+003 1.130452e+003 1.156797e+003 5.552922e+000
5.620000e+002 1.148906e+003 1.135691e+003 1.162122e+003 4.741080e+000
5.630000e+002 1.152738e+003 1.139497e+003 1.165979e+003 2.823970e+000
5.640000e+002 1.154595e+003 1.141352e+003 1.167837e+003 1.028965e+000
5.650000e+002 1.155072e+003 1.141844e+003 1.168301e+003 6.274159e-002
5.660000e+002 1.155103e+003 1.141892e+003 1.168314e+003 2.440116e-001
5.670000e+002 1.155814e+003 1.142611e+003 1.169017e+003 1.186380e+000
5.680000e+002 1.157623e+003 1.144417e+003 1.170829e+003 2.571999e+000
5.690000e+002 1.160949e+003 1.147725e+003 1.174173e+003 3.930109e+000
5.700000e+002 1.165268e+003 1.152019e+003 1.178516e+003 4.640752e+000
5.710000e+002 1.170101e+003 1.156823e+003 1.183379e+003 4.964156e+000
5.720000e+002 1.174883e+003 1.161574e+003 1.188191e+003 4.348255e+000
5.730000e+002 1.178494e+003 1.165163e+003 1.191826e+003 2.822355e+000
5.740000e+002 1.180452e+003 1.167108e+003 1.193796e+003 1.070120e+000
5.750000e+002 1.180515e+003 1.167167e+003 1.193863e+003 -1.041734e+000
5.760000e+002 1.178337e+003 1.165002e+003 1.191672e+003 -3.248721e+000
5.770000e+002 1.174291e+003 1.160982e+003 1.187600e+003 -4.634101e+000
5.780000e+002 1.169389e+003 1.156110e+003 1.182667e+003 -5.058672e+000
5.790000e+002 1.164461e+003 1.151212e+003 1.177710e+003 -4.621536e+000
5.800000e+002 1.160438e+003 1.147210e+003 1.173666e+003 -3.307839e+000
5.810000e+002 1.158020e+003 1.144801e+003 1.171240e+003 -1.469185e+000
5.820000e+002 1.157502e+003 1.144277e+003 1.170728e+003 3.775464e-001
5.830000e+002 1.158525e+003 1.145288e+003 1.171761e+003 1.472252e+000
5.840000e+002 1.160362e+003 1.147120e+003 1.173604e+003 2.311857e+000
5.850000e+002 1.163259e+003 1.150010e+003 1.176509e+003 3.483546e+000
5.860000e+002 1.167255e+003 1.153989e+003 1.180522e+003 4.434975e+000
5.870000e+002 1.171941e+003 1.158648e+003 1.185234e+003 4.821461e+000
5.880000e+002 1.176614e+003 1.163290e+003 1.189939e+003 4.355975e+000
5.890000e+002 1.180424e+003 1.167071e+003 1.193776e+003 3.202783e+000
5.900000e+002 1.182798e+003 1.169428e+003 1.196169e+003 1.384667e+000
5.910000e+002 1.183132e+003 1.169764e+003 1.196500e+003 -6.165568e-001
5.920000e+002 1.181837e+003 1.168492e+003 1.195181e+003 -1.803258e+000
5.930000e+002 1.180119e+003 1.166806e+003 1.193433e+003 -1.208000e+000
5.940000e+002 1.179945e+003 1.166646e+003 1.193244e+003 9.604600e-001
5.950000e+002 1.182080e+003 1.168777e+003 1.195382e+003 3.247063e+000
5.960000e+002 1.186359e+003 1.173043e+003 1.199675e+003 5.293412e+000
5.970000e+002 1.192488e+003 1.179159e+003 1.205818e+003 6.805168e+000
5.980000e+002 1.199717e+003 1.186381e+003 1.213054e+003 7.560236e+000
5.990000e+002 1.207510e+003 1.194168e+003 1.220852e+003 8.019375e+000
6.000000e+002 1.215373e+003 1.202013e+003 1.228734e+003 7.330318e+000
6.010000e+002 1.220942e+003 1.207556e+003 1.234327e+003 2.953832e+000
6.020000e+002 1.219893e+003 1.206508e+003 1.233279e+003 -5.585704e+000
6.030000e+002 1.208684e+003 1.195335e+003 1.222034e+003 -1.738254e+001
6.040000e+002 1.183864e+003 1.170595e+003 1.197134e+003 -3.297073e+001
6.050000e+002 1.141339e+003 1.128220e+003 1.154458e+003 -5.277078e+001
6.060000e+002 1.077293e+003 1.064432e+003 1.090154e+003 -7.566087e+001
6.070000e+002 9.897419e+002 9.772821e+002 1.002202e+003 -9.937713e+001
6.080000e+002 8.792713e+002 8.673830e+002 8.911597e+002 -1.208951e+002
6.090000e+002 7.496874e+002 7.385574e+002 7.608174e+002 -1.372058e+002
6.100000e+002 6.075475e+002 5.973752e+002 6.177197e+002 -1.454533e+002
6.110000e+002 4.627780e+002 4.537391e+002 4.718169e+002 -1.417093e+002
6.120000e+002 3.286683e+002 3.208369e+002 3.364997e+002 -1.243469e+002
6.130000e+002 2.176734e+002 2.109810e+002 2.243658e+002 -9.621715e+001
6.140000e+002 1.375561e+002 1.317973e+002 1.433149e+002 -6.412126e+001
6.150000e+002 8.802269e+001 8.296714e+001 9.307824e+001 -3.624982e+001
6.160000e+002 6.272704e+001 5.816247e+001 6.729162e+001 -1.536652e+001
6.170000e+002 5.459046e+001 5.019993e+001 5.898099e+001 -2.580793e+000
6.180000e+002 5.498924e+001 5.062462e+001 5.935386e+001 2.476275e+000
6.190000e+002 5.796676e+001 5.357691e+001 6.235662e+001 2.804595e+000
6.200000e+002 6.003641e+001 5.564763e+001 6.442519e+001 1.446854e+000
6.210000e+002 6.061912e+001 5.620617e+001 6.503208e+001 -6.349250e-001
6.220000e+002 5.876078e+001 5.444869e+001 6.307287e+001 -2.734036e+000
6.230000e+002 5.637536e+001 5.218577e+001 6.056496e+001 -1.160212e+000
6.240000e+002 5.618400e+001 5.188746e+001 6.048054e+001 -3.554590e-001
6.250000e+002 5.481769e+001 5.058156e+001 5.905381e+001 -2.090984e+000
6.260000e+002 5.303236e+001 4.893198e+001 5.713273e+001 -7.355347e-001
6.270000e+002 5.332762e+001 4.912820e+001 5.752705e+001 5.629296e-001
6.280000e+002 5.294024e+001 4.870294e+001 5.717754e+001 -1.792527e+000
6.290000e+002 5.054307e+001 4.649924e+001 5.458691e+001 -1.746465e+000
6.300000e+002 5.045430e+001 4.640500e+001 5.450360e+001 1.320556e+000
6.310000e+002 5.249573e+001 4.831750e+001 5.667395e+001 2.322202e+000
6.320000e+002 5.451266e+001 5.028182e+001 5.874350e+001 1.565715e+000
6.330000e+002 5.602233e+001 5.181571e+001 6.022894e+001 1.994743e+000
6.340000e+002 5.850464e+001 5.419719e+001 6.281209e+001 2.431262e+000
6.350000e+002 6.017183e+001 5.578517e+001 6.455849e+001 7.287133e-001
6.360000e+002 5.980375e+001 5.543529e+001 6.417222e+001 -1.448773e+000
6.370000e+002 5.773005e+001 5.345919e+001 6.200090e+001 -2.258964e+000
6.380000e+002 5.584450e+001 5.161704e+001 6.007196e+001 -1.393135e+000
6.390000e+002 5.470414e+001 5.046975e+001 5.893854e+001 -1.246211e+000
6.400000e+002 5.348551e+001 4.932929e+001 5.764174e+001 -6.989791e-001
6.410000e+002 5.369894e+001 4.953150e+001 5.786637e+001 1.026503e+000
6.420000e+002 5.499799e+001 5.072989e+001 5.926610e+001 1.130409e+000
6.430000e+002 5.551556e+001 5.123920e+001 5.979191e+001 -9.828112e-002
6.440000e+002 5.565189e+001 5.146184e+001 5.984194e+001 1.224412e+000
6.450000e+002 5.848204e+001 5.419641e+001 6.276768e+001 4.100100e+000
6.460000e+002 6.301254e+001 5.855423e+001 6.747084e+001 4.457124e+000
6.470000e+002 6.686260e+001 6.230679e+001 7.141841e+001 3.213070e+000
6.480000e+002 6.939207e+001 6.477770e+001 7.400644e+001 1.829194e+000
6.490000e+002 7.054374e+001 6.589673e+001 7.519074e+001 5.135596e-001
6.500000e+002 7.071542e+001 6.608602e+001 7.534482e+001 8.661341e-002
6.510000e+002 7.134583e+001 6.673970e+001 7.595196e+001 1.546268e+000
6.520000e+002 7.402881e+001 6.934255e+001 7.871507e+001 3.668486e+000
6.530000e+002 7.790954e+001 7.307279e+001 8.274629e+001 3.470926e+000
6.540000e+002 8.033432e+001 7.543059e+001 8.523805e+001 1.364346e+000
6.550000e+002 8.081714e+001 7.592921e+001 8.570507e+001 -2.055156e-001
6.560000e+002 8.047959e+001 7.564246e+001 8.531671e+001 -1.064871e-001
6.570000e+002 8.120937e+001 7.637477e+001 8.604397e+001 1.808157e+000
6.580000e+002 8.385360e+001 7.891990e+001 8.878729e+001 2.995882e+000
6.590000e+002 8.646596e+001 8.144714e+001 9.148477e+001 1.978069e+000
6.600000e+002 8.749214e+001 8.245345e+001 9.253083e+001 7.477135e-003
6.610000e+002 8.659629e+001 8.158788e+001 9.160471e+001 -1.616965e+000
6.620000e+002 8.450130e+001 7.953529e+001 8.946732e+001 -2.512132e+000
6.630000e+002 8.187934e+001 7.698783e+001 8.677086e+001 -2.485359e+000
6.640000e+002 8.018654e+001 7.535557e+001 8.501751e+001 -4.907143e-001
6.650000e+002 8.098241e+001 7.609368e+001 8.587114e+001 1.757423e+000
6.660000e+002 8.313150e+001 7.815799e+001 8.810501e+001 2.295893e+000
6.670000e+002 8.551047e+001 8.050594e+001 9.051499e+001 2.643165e+000
6.680000e+002 8.889069e+001 8.385033e+001 9.393105e+001 4.409021e+000
6.690000e+002 9.453584e+001 8.936866e+001 9.970302e+001 6.796870e+000
6.700000e+002 1.020646e+002 9.671726e+001 1.074119e+002 7.925233e+000
6.710000e+002 1.101815e+002 1.046975e+002 1.156655e+002 8.439201e+000
6.720000e+002 1.192519e+002 1.136359e+002 1.248679e+002 9.879845e+000
6.730000e+002 1.299403e+002 1.241260e+002 1.357546e+002 1.131778e+001
6.740000e+002 1.412196e+002 1.351814e+002 1.472578e+002 1.075226e+001
6.750000e+002 1.511900e+002 1.450019e+002 1.573781e+002 9.422138e+000
6.760000e+002 1.605234e+002 1.542103e+002 1.668364e+002 9.470342e+000
6.770000e+002 1.703517e+002 1.638899e+002 1.768135e+002 1.018185e+001
6.780000e+002 1.810853e+002 1.744737e+002 1.876969e+002 1.148802e+001
6.790000e+002 1.936581e+002 1.868980e+002 2.004181e+002 1.378505e+001
6.800000e+002 2.092379e+002 2.023054e+002 2.161704e+002 1.782970e+001
6.810000e+002 2.293414e+002 2.221449e+002 2.365379e+002 2.194613e+001
6.820000e+002 2.524236e+002 2.449319e+002 2.599153e+002 2.394266e+001
6.830000e+002 2.768153e+002 2.690542e+002 2.845764e+002 2.470488e+001
6.840000e+002 3.018124e+002 2.938189e+002 3.098059e+002 2.540437e+001
6.850000e+002 3.279632e+002 3.197408e+002 3.361856e+002 2.712132e+001
6.860000e+002 3.560397e+002 3.475565e+002 3.645228e+002 2.879213e+001
6.870000e+002 3.852442e+002 3.764912e+002 3.939972e+002 2.955316e+001
6.880000e+002 4.150145e+002 4.059956e+002 4.240333e+002 2.991955e+001
6.890000e+002 4.449318e+002 4.356600e+002 4.542036e+002 2.983152e+001
6.900000e+002 4.746392e+002 4.651466e+002 4.841319e+002 2.962871e+001
6.910000e+002 5.047397e+002 4.950584e+002 5.144210e+002 3.107730e+001
6.920000e+002 5.375549e+002 5.276718e+002 5.474380e+002 3.480908e+001
6.930000e+002 5.745869e+002 5.644638e+002 5.847099e+002 3.922790e+001
6.940000e+002 6.158238e+002 6.054314e+002 6.262163e+002 4.308608e+001
6.950000e+002 6.604515e+002 6.497754e+002 6.711276e+002 4.602169e+001
6.960000e+002 7.073024e+002 6.963385e+002 7.182664e+002 4.726306e+001
6.970000e+002 7.543528e+002 7.431163e+002 7.655892e+002 4.662987e+001
6.980000e+002 8.001352e+002 7.886453e+002 8.116250e+002 4.471562e+001
6.990000e+002 8.432292e+002 8.315081e+002 8.549503e+002 4.113692e+001
7.000000e+002 8.818933e+002 8.699768e+002 8.938098e+002 3.601118e+001
7.010000e+002 9.150631e+002 9.029925e+002 9.271337e+002 3.032000e+001
7.020000e+002 9.424521e+002 9.302625e+002 9.546417e+002 2.438520e+001
7.030000e+002 9.637859e+002 9.515074e+002 9.760643e+002 1.830753e+001
7.040000e+002 9.791192e+002 9.667717e+002 9.914667e+002 1.238591e+001
7.050000e+002 9.882405e+002 9.758397e+002 1.000641e+003 5.512868e+000
7.060000e+002 9.896950e+002 9.772747e+002 1.002115e+003 -2.710106e+000
7.070000e+002 9.825575e+002 9.701636e+002 9.949514e+002 -1.172161e+001
7.080000e+002 9.660951e+002 9.537832e+002 9.784070e+002 -2.120307e+001
7.090000e+002 9.403954e+002 9.282192e+002 9.525716e+002 -2.995236e+001
7.100000e+002 9.065850e+002 8.945822e+002 9.185878e+002 -3.751781e+001
7.110000e+002 8.655847e+002 8.537866e+002 8.773829e+002 -4.440846e+001
7.120000e+002 8.178747e+002 8.063214e+002 8.294281e+002 -5.097913e+001
7.130000e+002 7.638463e+002 7.525930e+002 7.750996e+002 -5.689021e+001
7.140000e+002 7.047613e+002 6.938606e+002 7.156620e+002 -6.080038e+001
7.150000e+002 6.430663e+002 6.325423e+002 6.535903e+002 -6.224840e+001
7.160000e+002 5.805744e+002 5.704382e+002 5.907106e+002 -6.276668e+001
7.170000e+002 5.176480e+002 5.079306e+002 5.273654e+002 -6.293978e+001
7.180000e+002 4.550781e+002 4.458161e+002 4.643401e+002 -6.196306e+001
7.190000e+002 3.940935e+002 3.853148e+002 4.028723e+002 -5.987131e+001
7.200000e+002 3.356036e+002 3.273388e+002 3.438684e+002 -5.697534e+001
7.210000e+002 2.805116e+002 2.727957e+002 2.882276e+002 -5.297303e+001
7.220000e+002 2.302746e+002 2.231186e+002 2.374305e+002 -4.711953e+001
7.230000e+002 1.865444e+002 1.799193e+002 1.931694e+002 -4.045058e+001
7.240000e+002 1.491350e+002 1.430381e+002 1.552319e+002 -3.449685e+001
7.250000e+002 1.177695e+002 1.121799e+002 1.233590e+002 -2.788675e+001
7.260000e+002 9.283157e+001 8.765772e+001 9.800542e+001 -2.286646e+001
7.270000e+002 7.129011e+001 6.663443e+001 7.594579e+001 -2.008554e+001
7.280000e+002 5.347811e+001 4.935528e+001 5.760095e+001 -1.485177e+001
7.290000e+002 4.138568e+001 3.756217e+001 4.520918e+001 -1.022067e+001
7.300000e+002 3.215188e+001 2.865812e+001 3.564564e+001 -8.244263e+000
7.310000e+002 2.487182e+001 2.173170e+001 2.801194e+001 -6.343865e+000
7.320000e+002 1.991737e+001 1.709089e+001 2.274385e+001 -3.083807e+000
7.330000e+002 1.808491e+001 1.523456e+001 2.093526e+001 -1.681632e+000
7.340000e+002 1.550276e+001 1.282666e+001 1.817886e+001 -3.433490e+000
7.350000e+002 1.221255e+001 9.891418e+000 1.453367e+001 -2.201493e+000
7.360000e+002 1.156129e+001 9.239375e+000 1.388321e+001 4.150425e-001
7.370000e+002 1.174511e+001 9.308628e+000 1.418158e+001 -8.609995e-001
7.380000e+002 9.252649e+000 7.031032e+000 1.147427e+001 -3.896968e+000
7.390000e+002 5.884136e+000 4.196901e+000 7.571371e+000 -1.134034e+000
7.400000e+002 7.353569e+000 5.314196e+000 9.392941e+000 2.735861e+000
7.410000e+002 9.863628e+000 7.649388e+000 1.207787e+001 2.129062e+000
7.420000e+002 1.138940e+001 9.084410e+000 1.369440e+001 8.553975e-001
7.430000e+002 1.121154e+001 8.861875e+000 1.356120e+001 -1.506926e+000
7.440000e+002 8.672747e+000 6.572384e+000 1.077311e+001 -2.977664e+000
7.450000e+002 6.677092e+000 4.863774e+000 8.490409e+000 -1.857499e-001
7.460000e+002 7.790111e+000 5.684864e+000 9.895358e+000 1.072755e+000
7.470000e+002 8.029726e+000 6.020104e+000 1.003935e+001 -4.736736e-002
7.480000e+002 7.837346e+000 5.798331e+000 9.876361e+000 -7.415803e-001
7.490000e+002 6.572766e+000 4.710143e+000 8.435388e+000 -1.357192e+000
7.500000e+002 5.367024e+000 3.582034e+000 7.152014e+000 -1.240616e+000
7.510000e+002 4.400426e+000 2.798928e+000 6.001925e+000 -1.973616e-001
7.520000e+002 5.316011e+000 3.594442e+000 7.037579e+000 1.877021e+000
7.530000e+002 7.443143e+000 5.451392e+000 9.434894e+000 1.817424e+000
7.540000e+002 8.280912e+000 6.204498e+000 1.035733e+001 -2.520157e-001
7.550000e+002 7.235028e+000 5.289992e+000 9.180064e+000 -1.433706e+000
7.560000e+002 6.008681e+000 4.188003e+000 7.829359e+000 -8.298495e-001
7.570000e+002 5.944254e+000 4.172823e+000 7.715685e+000 8.807830e-001
7.580000e+002 6.909779e+000 4.894561e+000 8.924997e+000 1.000741e-002
7.590000e+002 5.880152e+000 4.108440e+000 7.651864e+000 -1.113118e+000
7.600000e+002 5.458602e+000 3.670850e+000 7.246354e+000 8.893780e-002
7.610000e+002 6.278804e+000 4.491744e+000 8.065865e+000 1.953324e+000
7.620000e+002 8.516655e+000 6.355486e+000 1.067782e+001 1.271922e+000
7.630000e+002 8.197053e+000 6.151071e+000 1.024303e+001 -1.286270e+000
7.640000e+002 7.034699e+000 5.144242e+000 8.925156e+000 -5.727088e-001
7.650000e+002 6.868999e+000 4.872828e+000 8.865170e+000 -4.070550e-001
7.660000e+002 6.453536e+000 4.657051e+000 8.250022e+000 4.574410e-001
7.670000e+002 7.668424e+000 5.620567e+000 9.716282e+000 9.755658e-001
7.680000e+002 7.366964e+000 5.347183e+000 9.386745e+000 -1.619423e+000
7.690000e+002 5.519931e+000 3.861749e+000 7.178113e+000 -9.433537e-001
7.700000e+002 5.288003e+000 3.452670e+000 7.123336e+000 -8.440471e-001
7.710000e+002 3.374817e+000 1.949265e+000 4.800369e+000 -2.115801e+000
7.720000e+002 1.982293e+000 7.833669e-001 3.181219e+000 -6.098760e-001
7.730000e+002 2.331003e+000 1.115214e+000 3.546791e+000 1.423864e+000
7.740000e+002 3.993955e+000 2.383879e+000 5.604031e+000 9.494061e-001
7.750000e+002 3.624435e+000 2.092270e+000 5.156600e+000 -1.341192e+000
7.760000e+002 2.612648e+000 1.376223e+000 3.849074e+000 2.714467e-001
7.770000e+002 4.096011e+000 2.465171e+000 5.726850e+000 1.670133e+000
7.780000e+002 5.070650e+000 3.372048e+000 6.769253e+000 4.220244e-001
7.790000e+002 5.134531e+000 3.436358e+000 6.832704e+000 -2.426704e-001
7.800000e+002 4.514671e+000 2.856240e+000 6.173103e+000 -1.119281e+000
7.810000e+002 3.278588e+000 1.859882e+000 4.697295e+000 -8.480349e-001
7.820000e+002 3.228373e+000 1.809437e+000 4.647309e+000 6.525252e-001
7.830000e+002 3.901691e+000 2.284126e+000 5.519255e+000 1.072398e-001
7.840000e+002 3.688211e+000 2.244837e+000 5.131585e+000 2.980306e-001
7.850000e+002 4.680175e+000 3.006379e+000 6.353971e+000 1.036091e+000
7.860000e+002 4.874021e+000 3.133329e+000 6.614713e+000 -8.849672e-001
7.870000e+002 3.649481e+000 2.207806e+000 5.091156e+000 -5.883033e-001
7.880000e+002 4.250399e+000 2.672201e+000 5.828597e+000 1.367317e+000
7.890000e+002 5.134052e+000 3.352469e+000 6.915634e+000 -4.272532e-001
7.900000e+002 3.463515e+000 2.046536e+000 4.880495e+000 -2.018955e+000
7.910000e+002 1.887706e+000 7.070510e-001 3.068361e+000 -1.235961e+000
7.920000e+002 1.147727e+000 2.396377e-001 2.055817e+000 1.543584e-002
7.930000e+002 1.483069e+000 3.335151e-001 2.632622e+000 -3.969546e-002
7.940000e+002 1.348239e+000 4.302275e-001 2.266250e+000 7.448808e-001
7.950000e+002 2.672765e+000 1.236357e+000 4.109172e+000 6.292599e-001
7.960000e+002 2.200549e+000 9.921842e-001 3.408914e+000 -7.049893e-001
7.970000e+002 2.352374e+000 1.136572e+000 3.568177e+000 1.229528e+000
7.980000e+002 3.963147e+000 2.352885e+000 5.573409e+000 1.074669e+000
7.990000e+002 4.006711e+000 2.452234e+000 5.561188e+000 -5.651937e-001
8.000000e+002 3.666612e+000 2.225457e+000 5.107766e+000 2.965020e-001
8.010000e+002 3.987208e+000 2.328730e+000 5.645687e+000 -6.793231e-001
8.020000e+002 2.427170e+000 1.204496e+000 3.649843e+000 -1.297534e+000
8.030000e+002 2.298737e+000 1.075830e+000 3.521644e+000 8.040477e-001
8.040000e+002 2.597048e+000 1.012300e+000 4.181796e+000 -1.409023e+000
8.050000e+002 7.415542e-001 -1.946223e-001 1.677731e+000 1.604992e-001
8.060000e+002 3.052250e+000 1.474875e+000 4.629624e+000 2.132631e+000
8.070000e+002 2.866941e+000 1.365013e+000 4.368870e+000 -2.314866e+000
8.080000e+002 6.292769e-001 -2.982044e-001 1.556758e+000 -1.420821e-001
8.090000e+002 2.554168e+000 1.088855e+000 4.019481e+000 1.944876e+000
8.100000e+002 2.760209e+000 1.399521e+000 4.120896e+000 -1.244628e+000
8.110000e+002 1.157627e+000 2.514796e-001 2.063774e+000 -1.155986e+000
8.120000e+002 1.039003e+000 1.386234e-001 1.939382e+000 7.049569e-001
8.130000e+002 1.888006e+000 7.230883e-001 3.052923e+000 5.272939e-001
8.140000e+002 1.523845e+000 3.559285e-001 2.691762e+000 -1.359606e+000
8.150000e+002 4.988800e-001 -4.192655e-001 1.417026e+000 7.437553e-001
8.160000e+002 2.656559e+000 1.194637e+000 4.118481e+000 1.782727e+000
8.170000e+002 2.656367e+000 1.292356e+000 4.020379e+000 -1.402202e+000
8.180000e+002 1.353971e+000 4.345872e-001 2.273354e+000 -8.168344e-002
8.190000e+002 2.448031e+000 1.099443e+000 3.796620e+000 1.103928e+000
8.200000e+002 2.418716e+000 1.068447e+000 3.768985e+000 -1.139793e+000
8.210000e+002 1.465747e+000 5.389909e-001 2.392502e+000 5.083923e-001
8.220000e+002 2.975676e+000 1.457786e+000 4.493567e+000 7.771040e-001
8.230000e+002 2.166811e+000 9.678843e-001 3.365738e+000 -1.513616e+000
8.240000e+002 1.172048e+000 2.639277e-001 2.080169e+000 -1.335234e-001
8.250000e+002 1.473041e+000 3.240696e-001 2.622011e+000 -3.360278e-002
8.260000e+002 1.268800e+000 3.551091e-001 2.182492e+000 5.581914e-001
8.270000e+002 2.719007e+000 1.356445e+000 4.081569e+000 1.538737e+000
8.280000e+002 3.344412e+000 1.848869e+000 4.839956e+000 -4.863044e-001
8.290000e+002 2.408479e+000 1.188802e+000 3.628155e+000 -5.251027e-001
8.300000e+002 2.695660e+000 1.321602e+000 4.069718e+000 6.404591e-001
8.310000e+002 3.426771e+000 2.009018e+000 4.844524e+000 1.018142e+000
8.320000e+002 4.205668e+000 2.590231e+000 5.821106e+000 -1.830030e-001
8.330000e+002 2.641793e+000 1.268867e+000 4.014718e+000 -2.641065e+000
8.340000e+002 3.022861e-001 -6.039620e-001 1.208534e+000 -9.628790e-001
8.350000e+002 9.132868e-001 1.307000e-002 1.813504e+000 1.307064e+000
8.360000e+002 1.720986e+000 5.756900e-001 2.866281e+000 -9.282110e-003
8.370000e+002 1.160762e+000 2.616473e-001 2.059877e+000 -5.275094e-001
8.380000e+002 7.946910e-001 -9.654840e-002 1.685930e+000 -6.595632e-001
8.390000e+002 2.581490e-001 -6.413422e-001 1.157640e+000 4.579234e-001
8.400000e+002 1.785685e+000 6.068056e-001 2.964564e+000 1.800851e+000
8.410000e+002 2.959537e+000 1.587781e+000 4.331293e+000 4.428351e-001
8.420000e+002 2.550455e+000 1.202321e+000 3.898589e+000 -1.277881e+000
8.430000e+002 1.338086e+000 4.187038e-001 2.257468e+000 -1.956608e-001
8.440000e+002 1.877359e+000 5.752917e-001 3.179426e+000 4.123679e-002
8.450000e+002 1.372183e+000 4.529199e-001 2.291446e+000 1.330041e-001
8.460000e+002 2.108109e+000 8.093467e-001 3.406872e+000 1.189974e-001
8.470000e+002 1.091128e+000 1.855946e-001 1.996661e+000 -1.452160e+000
8.480000e+002 1.666856e-002 -8.743764e-001 9.077135e-001 -5.846775e-001
8.490000e+002 3.824790e-002 -8.523744e-001 9.288702e-001 6.322311e-001
8.500000e+002 1.042825e+000 1.437120e-001 1.941938e+000 1.134222e+000
8.510000e+002 1.544624e+000 3.993378e-001 2.689911e+000 -6.499902e-001
8.520000e+002 1.750612e-001 -7.240506e-001 1.074173e+000 -1.137551e+000
8.530000e+002 4.172650e-002 -8.488942e-001 9.323472e-001 6.915039e-001
8.540000e+002 9.297444e-001 3.971058e-002 1.819778e+000 6.355840e-001
8.550000e+002 8.688788e-001 -2.175933e-002 1.759517e+000 -7.523838e-001
8.560000e+002 2.819305e-001 -6.173866e-001 1.181248e+000 4.305112e-001
8.570000e+002 1.612570e+000 4.473564e-001 2.777784e+000 1.261413e+000
8.580000e+002 2.117519e+000 9.340710e-001 3.300967e+000 3.060165e-002
8.590000e+002 1.858400e+000 6.931843e-001 3.023615e+000 -6.463309e-001
8.600000e+002 1.087271e+000 1.879529e-001 1.986590e+000 -5.360201e-001
8.610000e+002 9.423644e-001 5.113662e-002 1.833592e+000 4.230614e-002
8.620000e+002 1.136431e+000 2.373168e-001 2.035545e+000 5.142741e-001
8.630000e+002 1.426413e+000 2.811199e-001 2.571706e+000 -6.472582e-001
8.640000e+002 2.688143e-001 -6.309149e-001 1.168543e+000 -5.280904e-001
8.650000e+002 9.132850e-001 1.323675e-002 1.813333e+000 1.220237e+000
8.660000e+002 2.075912e+000 8.970825e-001 3.254742e+000 1.068434e+000
8.670000e+002 2.731778e+000 1.380103e+000 4.083453e+000 -3.849560e-002
8.680000e+002 2.012940e+000 8.341130e-001 3.191768e+000 -1.103366e+000
8.690000e+002 1.074870e+000 1.754123e-001 1.974327e+000 -5.187626e-001
8.700000e+002 9.997544e-001 1.091058e-001 1.890403e+000 1.388586e-001
8.710000e+002 8.948272e-001 4.794485e-003 1.784860e+000 -5.767994e-001
8.720000e+002 6.943836e-002 -8.205928e-001 9.594695e-001 -6.226083e-001
8.730000e+002 1.037510e-001 -7.862794e-001 9.937815e-001 6.940049e-001
8.740000e+002 7.927203e-001 -9.731011e-002 1.682751e+000 1.643330e-002
8.750000e+002 1.407236e-001 -7.493068e-001 1.030754e+000 -6.488206e-001
8.760000e+002 -7.083755e-002 -9.608687e-001 8.191936e-001 -1.182369e-002
8.770000e+002 9.966946e-002 -7.903624e-001 9.897013e-001 5.729530e-001
8.780000e+002 8.713967e-001 -1.922323e-002 1.762017e+000 5.467141e-001
8.790000e+002 1.176349e+000 2.772377e-001 2.075461e+000 4.702305e-001
8.800000e+002 1.486651e+000 3.413649e-001 2.631938e+000 -5.818727e-001
8.810000e+002 2.063263e-001 -6.927855e-001 1.105438e+000 -1.052809e+000
8.820000e+002 -9.997637e-002 -9.905963e-001 7.906435e-001 3.322510e-002
8.830000e+002 1.047056e-001 -7.853270e-001 9.947381e-001 6.150458e-001
8.840000e+002 9.314919e-001 4.145930e-002 1.821524e+000 6.009958e-001
8.850000e+002 8.742249e-001 -1.639500e-002 1.764845e+000 -7.104715e-001
8.860000e+002 3.332190e-001 -5.658928e-001 1.232331e+000 4.460727e-001
8.870000e+002 1.248875e+000 1.035888e-001 2.394162e+000 5.013058e-002
8.880000e+002 1.895394e-001 -7.095724e-001 1.088651e+000 -1.077634e+000
8.890000e+002 5.144457e-002 -8.391770e-001 9.420662e-001 6.681158e-001
8.900000e+002 9.267622e-001 3.672691e-002 1.816797e+000 6.168385e-001
8.910000e+002 8.269051e-001 -6.449875e-002 1.718309e+000 -8.090887e-001
8.920000e+002 4.417699e-001 -4.684047e-001 1.351945e+000 1.164541e+000
8.930000e+002 2.553431e+000 1.120475e+000 3.986387e+000 1.330501e+000
8.940000e+002 1.982561e+000 7.933625e-001 3.171760e+000 -1.864174e+000
8.950000e+002 9.754674e-002 -8.029749e-001 9.980684e-001 -1.241456e+000
8.960000e+002 1.982562e-001 -7.078753e-001 1.104388e+000 1.477083e+000
8.970000e+002 1.839322e+000 5.418626e-001 3.136781e+000 5.584454e-001
8.980000e+002 1.321419e+000 4.078783e-001 2.234959e+000 -3.413779e-001
8.990000e+002 1.585825e+000 4.383922e-001 2.733259e+000 4.657822e-002
9.000000e+002 1.105212e+000 2.060715e-001 2.004352e+000 -4.935562e-001
9.010000e+002 9.475047e-001 5.629020e-002 1.838719e+000 1.268510e-002
9.020000e+002 1.138807e+000 2.396936e-001 2.037919e+000 5.436005e-001
9.030000e+002 1.485328e+000 3.400397e-001 2.630616e+000 -5.736192e-001
9.040000e+002 2.079360e-001 -6.911758e-001 1.107048e+000 -1.041735e+000
9.050000e+002 -6.263043e-002 -9.532503e-001 8.279895e-001 9.668527e-002
9.060000e+002 -1.910252e-003 -8.919421e-001 8.881216e-001 2.545450e-002
9.070000e+002 2.018754e-003 -8.880124e-001 8.920499e-001 -4.555906e-003
9.080000e+002 2.017147e-003 -8.880140e-001 8.920483e-001 4.551345e-003
9.090000e+002 -1.912775e-003 -8.919446e-001 8.881190e-001 -2.544409e-002
9.100000e+002 -6.257952e-002 -9.531994e-001 8.280404e-001 -9.656485e-002
9.110000e+002 2.078934e-001 -6.912183e-001 1.107005e+000 1.041123e+000
9.120000e+002 1.483819e+000 3.385330e-001 2.629106e+000 5.712701e-001
9.130000e+002 1.138878e+000 2.397663e-001 2.037990e+000 -5.332498e-001
9.140000e+002 9.759200e-001 8.530010e-002 1.866540e+000 3.803168e-002
9.150000e+002 1.031903e+000 1.418712e-001 1.921935e+000 6.019786e-002
9.160000e+002 8.627374e-001 -2.729374e-002 1.752769e+000 -6.183713e-001
9.170000e+002 2.422442e-001 -6.477862e-001 1.132275e+000 4.431137e-002
9.180000e+002 7.202234e-001 -1.698070e-001 1.610254e+000 1.358351e-002
9.190000e+002 2.807479e-001 -6.092825e-001 1.170778e+000 1.686570e-002
9.200000e+002 7.590164e-001 -1.310153e-001 1.649048e+000 3.533265e-002
9.210000e+002 9.958229e-002 -7.904505e-001 9.896151e-001 -7.016934e-001
9.220000e+002 1.730398e-002 -8.737321e-001 9.083401e-001 5.463049e-001
9.230000e+002 1.098737e+000 1.932657e-001 2.004209e+000 1.513939e+000
9.240000e+002 2.202057e+000 9.064262e-001 3.497687e+000 -4.780423e-002
9.250000e+002 1.240461e+000 3.349894e-001 2.145933e+000 -8.975506e-001
9.260000e+002 8.091567e-001 -8.188010e-002 1.700194e+000 -5.406919e-001
9.270000e+002 2.407291e-001 -6.493057e-001 1.130764e+000 6.112252e-002
9.280000e+002 6.907727e-001 -1.998647e-001 1.581410e+000 -5.895065e-002
9.290000e+002 3.247230e-001 -5.745637e-001 1.224010e+000 4.266622e-001
9.300000e+002 1.645884e+000 4.810510e-001 2.810718e+000 1.217637e+000
9.310000e+002 1.907812e+000 7.429766e-001 3.072646e+000 -5.479451e-001
9.320000e+002 1.139455e+000 2.401670e-001 2.038743e+000 -5.451443e-001
9.330000e+002 8.038394e-001 -8.738716e-002 1.695066e+000 -5.833937e-001
9.340000e+002 3.253249e-001 -5.737885e-001 1.224438e+000 4.363298e-001
9.350000e+002 1.194707e+000 4.941886e-002 2.339995e+000 1.067574e-002
9.360000e+002 3.644111e-001 -5.347007e-001 1.263523e+000 -3.617744e-001
9.370000e+002 7.359084e-001 -1.547115e-001 1.626528e+000 6.002720e-002
9.380000e+002 1.011145e-001 -7.889173e-001 9.911463e-001 -6.682244e-001
9.390000e+002 6.900161e-002 -8.210295e-001 9.590328e-001 6.121511e-001
9.400000e+002 8.959449e-001 5.914507e-003 1.785975e+000 6.041108e-001
9.410000e+002 1.074210e+000 1.841789e-001 1.964241e+000 -1.296955e-002
9.420000e+002 8.598025e-001 -3.022981e-002 1.749835e+000 -6.606597e-001
9.430000e+002 1.689906e-001 -7.216456e-001 1.059627e+000 -6.004921e-002
9.440000e+002 9.697895e-001 7.050284e-002 1.869076e+000 1.230818e+000
9.450000e+002 1.964140e+000 7.993066e-001 3.128973e+000 5.222250e-001
9.460000e+002 1.658759e+000 4.939242e-001 2.823594e+000 -1.252810e+000
9.470000e+002 3.211472e-001 -5.781406e-001 1.220435e+000 -4.399635e-001
9.480000e+002 6.689990e-001 -2.222275e-001 1.560226e+000 4.338363e-002
9.490000e+002 3.617404e-001 -5.373731e-001 1.260854e+000 3.882082e-001
9.500000e+002 1.200653e+000 5.536375e-002 2.345943e+000 -1.254132e-003
9.510000e+002 3.595313e-001 -5.395816e-001 1.258644e+000 -3.898189e-001
9.520000e+002 6.806474e-001 -2.105628e-001 1.571858e+000 5.128589e-004
9.530000e+002 3.606193e-001 -5.384936e-001 1.259732e+000 3.910315e-001
9.540000e+002 1.196174e+000 5.088616e-002 2.341462e+000 -1.805958e-002
9.550000e+002 3.247362e-001 -5.743756e-001 1.223848e+000 -4.264426e-001
9.560000e+002 8.421160e-001 -4.850396e-002 1.732736e+000 6.616563e-001
9.570000e+002 1.068949e+000 1.789170e-001 1.958981e+000 1.245432e-002
9.580000e+002 8.624794e-001 -2.755171e-002 1.752511e+000 -6.503833e-001
9.590000e+002 2.066363e-001 -6.833941e-001 1.096667e+000 2.142137e-003
9.600000e+002 8.587041e-001 -3.132626e-002 1.748735e+000 6.304889e-001
9.610000e+002 1.037431e+000 1.474002e-001 1.927461e+000 -3.171540e-002
9.620000e+002 1.036098e+000 1.460678e-001 1.926129e+000 2.855499e-002
9.630000e+002 8.603418e-001 -2.968863e-002 1.750372e+000 -6.137713e-001
9.640000e+002 2.433935e-001 -6.466370e-001 1.133424e+000 4.841647e-002
9.650000e+002 7.218441e-001 -1.681876e-001 1.611876e+000 4.612044e-003
9.660000e+002 2.418654e-001 -6.481678e-001 1.131899e+000 -7.144882e-002
9.670000e+002 8.026446e-001 -8.842831e-002 1.693717e+000 5.235851e-001
9.680000e+002 1.225183e+000 3.196813e-001 2.130684e+000 9.270599e-001
9.690000e+002 2.413137e+000 1.088951e+000 3.737324e+000 5.996527e-001
9.700000e+002 1.989881e+000 8.098139e-001 3.169949e+000 -1.031575e+000
9.710000e+002 1.211850e+000 3.039404e-001 2.119759e+000 -7.721381e-002
9.720000e+002 1.361374e+000 2.147714e-001 2.507977e+000 -5.450909e-001
9.730000e+002 3.418416e-001 -5.572869e-001 1.240970e+000 -3.524464e-001
9.740000e+002 7.311113e-001 -1.595126e-001 1.621735e+000 6.408716e-002
9.750000e+002 7.334304e-002 -8.172783e-001 9.639644e-001 -7.093981e-001
9.760000e+002 1.789406e-001 -7.201719e-001 1.078053e+000 1.116995e+000
9.770000e+002 1.544111e+000 3.988232e-001 2.689399e+000 6.537225e-001
9.780000e+002 1.039748e+000 1.406347e-001 1.938861e+000 -1.149464e+000
9.790000e+002 1.436636e-002 -8.768439e-001 9.055766e-001 -6.450981e-001
9.800000e+002 1.691383e-001 -7.299746e-001 1.068251e+000 1.118029e+000
9.810000e+002 1.484503e+000 3.392152e-001 2.629791e+000 5.833892e-001
9.820000e+002 1.142449e+000 2.433367e-001 2.041562e+000 -5.316544e-001
9.830000e+002 9.726032e-001 8.198182e-002 1.863224e+000 7.529353e-003
9.840000e+002 9.656357e-001 7.501437e-002 1.856257e+000 -2.890338e-002
9.850000e+002 1.121924e+000 2.228119e-001 2.021037e+000 5.560479e-001
9.860000e+002 1.719189e+000 5.739008e-001 2.864477e+000 6.536999e-002
9.870000e+002 1.013517e+000 1.144045e-001 1.912630e+000 -1.142749e+000
9.880000e+002 1.428891e-002 -8.769214e-001 9.054992e-001 -6.090715e-001
9.890000e+002 1.963338e-001 -7.027797e-001 1.095447e+000 1.127485e+000
9.900000e+002 1.309517e+000 1.642259e-001 2.454808e+000 -1.518667e-002
9.910000e+002 1.682185e-001 -7.314835e-001 1.067920e+000 -1.151084e+000
9.920000e+002 1.532421e-001 -7.464598e-001 1.052944e+000 1.150701e+000
9.930000e+002 1.538758e+000 3.934691e-001 2.684048e+000 6.598979e-001
9.940000e+002 1.042070e+000 1.429582e-001 1.941183e+000 -1.123809e+000
9.950000e+002 7.827894e-002 -8.123410e-001 9.688989e-001 -5.461003e-001
9.960000e+002 -4.049463e-002 -9.305265e-001 8.495372e-001 6.051497e-002
9.970000e+002 -3.515635e-002 -9.251875e-001 8.548748e-001 -3.626575e-002
9.980000e+002 1.412423e-001 -7.487881e-001 1.031273e+000 6.297589e-001
9.990000e+002 7.932751e-001 -9.675531e-002 1.683306e+000 2.523617e-003
1.000000e+003 1.382454e-001 -7.517850e-001 1.028276e+000 -6.488441e-001
1.001000e+003 -7.005387e-002 -9.600843e-001 8.199765e-001 2.866669e-003
1.002000e+003 1.377952e-001 -7.522352e-001 1.027826e+000 6.360267e-001
1.003000e+003 7.581819e-001 -1.318493e-001 1.648213e+000 -6.226712e-002
1.004000e+003 2.414706e-001 -6.485612e-001 1.131502e+000 -7.593161e-002
1.005000e+003 8.367736e-001 -5.384627e-002 1.727394e+000 6.017693e-001
1.006000e+003 1.169977e+000 2.708655e-001 2.069089e+000 4.543736e-001
1.007000e+003 1.426876e+000 2.815894e-001 2.572162e+000 -6.489581e-001
1.008000e+003 3.065981e-001 -5.925137e-001 1.205710e+000 -4.486776e-001
1.009000e+003 8.346179e-001 -5.600198e-002 1.725238e+000 6.668956e-001
1.010000e+003 1.033178e+000 1.431464e-001 1.923210e+000 -3.916556e-002
1.011000e+003 1.003162e+000 1.131310e-001 1.893193e+000 -4.600497e-003
1.012000e+003 1.036080e+000 1.460498e-001 1.926111e+000 6.627362e-002
1.013000e+003 8.942920e-001 4.261557e-003 1.784322e+000 -5.871049e-001
1.014000e+003 7.027468e-002 -8.197565e-001 9.603058e-001 -6.152700e-001
1.015000e+003 1.010691e-001 -7.889627e-001 9.911009e-001 6.685169e-001
1.016000e+003 7.376805e-001 -1.529419e-001 1.628303e+000 -5.658110e-002
1.017000e+003 3.600166e-001 -5.391110e-001 1.259144e+000 3.346503e-001
1.018000e+003 1.147931e+000 1.387395e-003 2.294474e+000 -5.126990e-002
1.019000e+003 4.249278e-001 -4.826621e-001 1.332518e+000 6.516299e-002
1.020000e+003 1.452859e+000 3.063155e-001 2.599402e+000 7.054023e-001
1.021000e+003 1.032511e+000 1.333830e-001 1.931638e+000 -1.064024e+000
1.022000e+003 7.892590e-002 -8.116967e-001 9.695485e-001 -5.711025e-001
1.023000e+003 -7.550091e-002 -9.655536e-001 8.145518e-001 2.439999e-002
1.024000e+003 1.397926e-001 -7.502659e-001 1.029851e+000 6.561026e-001
1.025000e+003 8.334225e-001 -7.883148e-002 1.745676e+000 7.795902e-002
1.026000e+003 6.546924e-002 -9.185961e-001 1.049535e+000 -1.190909e+000
