1.000000e+000 0.000000e+000 7.406711e-013 -7.406711e-013
2.000000e+000 0.000000e+000 -1.032718e-010 1.032718e-010
3.000000e+000 0.000000e+000 5.692857e-010 -5.692857e-010
4.000000e+000 0.000000e+000 1.567607e-009 -1.567607e-009
5.000000e+000 0.000000e+000 -2.695893e-008 2.695893e-008
6.000000e+000 0.000000e+000 4.323203e-008 -4.323203e-008
7.000000e+000 0.000000e+000 8.357084e-007 -8.357084e-007
8.000000e+000 0.000000e+000 -4.739797e-006 4.739797e-006
9.000000e+000 0.000000e+000 -1.313619e-005 1.313619e-005
1.000000e+001 0.000000e+000 2.248261e-004 -2.248261e-004
1.100000e+001 0.000000e+000 -3.581828e-004 3.581828e-004
1.200000e+001 0.000000e+000 -6.978302e-003 6.978302e-003
1.300000e+001 0.000000e+000 3.947398e-002 -3.947398e-002
1.400000e+001 0.000000e+000 1.100804e-001 -1.100804e-001
1.500000e+001 0.000000e+000 -1.874950e+000 1.874950e+000
1.600000e+001 0.000000e+000 2.967449e+000 -2.967449e+000
1.700000e+001 1.240000e+002 5.826969e+001 5.902756e+000
1.800000e+001 2.730000e+002 1.332919e+002 8.455519e+000
1.900000e+001 2.660000e+002 1.946590e+002 4.374199e+000
2.000000e+001 2.680000e+002 2.313535e+002 2.238539e+000
2.100000e+001 2.320000e+002 2.458837e+002 -9.115124e-001
2.200000e+001 2.340000e+002 2.466929e+002 -8.297626e-001
2.300000e+001 2.260000e+002 2.409917e+002 -9.972325e-001
2.400000e+001 2.370000e+002 2.332942e+002 2.407163e-001
2.500000e+001 2.160000e+002 2.257263e+002 -6.617938e-001
2.600000e+001 2.200000e+002 2.200303e+002 -2.041062e-003
2.700000e+001 2.150000e+002 2.166547e+002 -1.128486e-001
2.800000e+001 2.070000e+002 2.156296e+002 -5.997996e-001
2.900000e+001 2.290000e+002 2.164145e+002 8.316711e-001
3.000000e+001 2.120000e+002 2.175300e+002 -3.797990e-001
3.100000e+001 2.370000e+002 2.186913e+002 1.189281e+000
3.200000e+001 1.960000e+002 2.198328e+002 -1.702344e+000
3.300000e+001 2.330000e+002 2.221567e+002 7.103692e-001
3.400000e+001 2.290000e+002 2.240157e+002 3.293687e-001
3.500000e+001 2.280000e+002 2.244412e+002 2.356903e-001
3.600000e+001 2.280000e+002 2.236365e+002 2.889786e-001
3.700000e+001 2.160000e+002 2.226175e+002 -4.502614e-001
3.800000e+001 2.280000e+002 2.228831e+002 3.388769e-001
3.900000e+001 2.050000e+002 2.252962e+002 -1.417549e+000
4.000000e+001 2.460000e+002 2.304065e+002 9.942082e-001
4.100000e+001 2.210000e+002 2.363259e+002 -1.030934e+000
4.200000e+001 2.590000e+002 2.418363e+002 1.066503e+000
4.300000e+001 2.580000e+002 2.445582e+002 8.368508e-001
4.400000e+001 2.470000e+002 2.440598e+002 1.870775e-001
4.500000e+001 2.340000e+002 2.421612e+002 -5.335155e-001
4.600000e+001 2.310000e+002 2.411917e+002 -6.705678e-001
4.700000e+001 2.370000e+002 2.421315e+002 -3.333272e-001
4.800000e+001 2.400000e+002 2.441296e+002 -2.665660e-001
4.900000e+001 2.820000e+002 2.451728e+002 2.193029e+000
5.000000e+001 2.400000e+002 2.435629e+002 -2.299822e-001
5.100000e+001 2.400000e+002 2.414546e+002 -9.389557e-002
5.200000e+001 2.220000e+002 2.415147e+002 -1.309742e+000
5.300000e+001 2.380000e+002 2.454120e+002 -4.804455e-001
5.400000e+001 2.690000e+002 2.517598e+002 1.051152e+000
5.500000e+001 2.490000e+002 2.580059e+002 -5.707242e-001
5.600000e+001 2.740000e+002 2.630831e+002 6.595113e-001
5.700000e+001 2.830000e+002 2.656045e+002 1.034052e+000
5.800000e+001 2.460000e+002 2.656341e+002 -1.251824e+000
5.900000e+001 3.020000e+002 2.648537e+002 2.137528e+000
6.000000e+001 2.290000e+002 2.638863e+002 -2.305351e+000
6.100000e+001 2.770000e+002 2.653964e+002 6.971899e-001
6.200000e+001 2.560000e+002 2.685563e+002 -7.847669e-001
6.300000e+001 2.800000e+002 2.722720e+002 4.618366e-001
6.400000e+001 2.900000e+002 2.744543e+002 9.128772e-001
6.500000e+001 2.800000e+002 2.739170e+002 3.635271e-001
6.600000e+001 2.700000e+002 2.715467e+002 -9.413173e-002
6.700000e+001 2.680000e+002 2.692889e+002 -7.873239e-002
6.800000e+001 2.500000e+002 2.690419e+002 -1.204314e+000
6.900000e+001 2.680000e+002 2.719093e+002 -2.387998e-001
7.000000e+001 2.860000e+002 2.764485e+002 5.647940e-001
7.100000e+001 2.870000e+002 2.804220e+002 3.882896e-001
7.200000e+001 2.920000e+002 2.827076e+002 5.437948e-001
7.300000e+001 2.850000e+002 2.834162e+002 9.381545e-002
7.400000e+001 2.640000e+002 2.838824e+002 -1.223680e+000
7.500000e+001 2.950000e+002 2.852740e+002 5.662697e-001
7.600000e+001 2.820000e+002 2.866941e+002 -2.795315e-001
7.700000e+001 2.990000e+002 2.875598e+002 6.616051e-001
7.800000e+001 2.950000e+002 2.873244e+002 4.468909e-001
7.900000e+001 2.770000e+002 2.867177e+002 -5.838802e-001
8.000000e+001 2.710000e+002 2.873122e+002 -9.908963e-001
8.100000e+001 3.200000e+002 2.893092e+002 1.715666e+000
8.200000e+001 2.810000e+002 2.914961e+002 -6.261461e-001
8.300000e+001 2.760000e+002 2.949083e+002 -1.138143e+000
8.400000e+001 3.210000e+002 2.996223e+002 1.193188e+000
8.500000e+001 2.990000e+002 3.037913e+002 -2.770900e-001
8.600000e+001 3.100000e+002 3.069976e+002 1.705263e-001
8.700000e+001 3.200000e+002 3.089189e+002 6.194535e-001
8.800000e+001 3.100000e+002 3.096837e+002 1.796250e-002
8.900000e+001 2.990000e+002 3.105932e+002 -6.704507e-001
9.000000e+001 3.080000e+002 3.129477e+002 -2.819227e-001
9.100000e+001 3.210000e+002 3.167110e+002 2.393885e-001
9.200000e+001 3.030000e+002 3.211420e+002 -1.042233e+000
9.300000e+001 3.440000e+002 3.253231e+002 1.006989e+000
9.400000e+001 3.420000e+002 3.269862e+002 8.118512e-001
9.500000e+001 3.210000e+002 3.254443e+002 -2.480562e-001
9.600000e+001 3.510000e+002 3.217079e+002 1.563497e+000
9.700000e+001 2.860000e+002 3.173532e+002 -1.853954e+000
9.800000e+001 3.110000e+002 3.156092e+002 -2.613621e-001
9.900000e+001 3.160000e+002 3.167984e+002 -4.491249e-002
1.000000e+002 3.340000e+002 3.198963e+002 7.717199e-001
1.010000e+002 3.100000e+002 3.240144e+002 -7.959616e-001
1.020000e+002 3.320000e+002 3.292161e+002 1.527875e-001
1.030000e+002 3.500000e+002 3.345418e+002 8.262745e-001
1.040000e+002 3.190000e+002 3.392873e+002 -1.135870e+000
1.050000e+002 3.540000e+002 3.437025e+002 5.473045e-001
1.060000e+002 3.520000e+002 3.466143e+002 2.870568e-001
1.070000e+002 3.660000e+002 3.473843e+002 9.730592e-001
1.080000e+002 3.330000e+002 3.464831e+002 -7.388683e-001
1.090000e+002 3.480000e+002 3.457822e+002 1.188868e-001
1.100000e+002 3.190000e+002 3.463302e+002 -1.530197e+000
1.110000e+002 3.770000e+002 3.483846e+002 1.473770e+000
1.120000e+002 3.390000e+002 3.501565e+002 -6.059365e-001
1.130000e+002 3.450000e+002 3.513110e+002 -3.397717e-001
1.140000e+002 3.930000e+002 3.509314e+002 2.122079e+000
1.150000e+002 3.460000e+002 3.481088e+002 -1.133677e-001
1.160000e+002 3.200000e+002 3.451068e+002 -1.403513e+000
1.170000e+002 3.760000e+002 3.442225e+002 1.638800e+000
1.180000e+002 3.070000e+002 3.459028e+002 -2.220302e+000
1.190000e+002 3.490000e+002 3.516391e+002 -1.412662e-001
1.200000e+002 3.720000e+002 3.595441e+002 6.458068e-001
1.210000e+002 3.840000e+002 3.667607e+002 8.797419e-001
1.220000e+002 3.700000e+002 3.717770e+002 -9.238418e-002
1.230000e+002 3.690000e+002 3.747182e+002 -2.976762e-001
1.240000e+002 3.930000e+002 3.757889e+002 8.681831e-001
1.250000e+002 3.800000e+002 3.750136e+002 2.557990e-001
1.260000e+002 3.540000e+002 3.737741e+002 -1.050981e+000
1.270000e+002 3.840000e+002 3.737703e+002 5.220346e-001
1.280000e+002 3.630000e+002 3.752585e+002 -6.434024e-001
1.290000e+002 3.770000e+002 3.786282e+002 -8.385625e-002
1.300000e+002 3.770000e+002 3.833829e+002 -3.287353e-001
1.310000e+002 3.960000e+002 3.884918e+002 3.772995e-001
1.320000e+002 4.100000e+002 3.925072e+002 8.639064e-001
1.330000e+002 3.990000e+002 3.947794e+002 2.112936e-001
1.340000e+002 3.850000e+002 3.962319e+002 -5.724286e-001
1.350000e+002 4.050000e+002 3.982265e+002 3.365766e-001
1.360000e+002 3.910000e+002 4.014230e+002 -5.271114e-001
1.370000e+002 3.850000e+002 4.065676e+002 -1.099189e+000
1.380000e+002 4.150000e+002 4.132605e+002 8.539104e-002
1.390000e+002 4.520000e+002 4.191639e+002 1.544478e+000
1.400000e+002 4.240000e+002 4.222031e+002 8.726659e-002
1.410000e+002 4.270000e+002 4.226524e+002 2.103958e-001
1.420000e+002 4.190000e+002 4.215705e+002 -1.255767e-001
1.430000e+002 4.120000e+002 4.203211e+002 -4.099519e-001
1.440000e+002 4.090000e+002 4.199965e+002 -5.437398e-001
1.450000e+002 4.350000e+002 4.207944e+002 6.811045e-001
1.460000e+002 4.050000e+002 4.221658e+002 -8.529761e-001
1.470000e+002 4.400000e+002 4.240435e+002 7.606985e-001
1.480000e+002 4.340000e+002 4.255696e+002 4.046724e-001
1.490000e+002 4.130000e+002 4.268459e+002 -6.813129e-001
1.500000e+002 4.380000e+002 4.286062e+002 4.488550e-001
1.510000e+002 4.300000e+002 4.308515e+002 -4.106343e-002
1.520000e+002 4.150000e+002 4.339782e+002 -9.316056e-001
1.530000e+002 4.650000e+002 4.381296e+002 1.246084e+000
1.540000e+002 4.390000e+002 4.424500e+002 -1.646581e-001
1.550000e+002 4.180000e+002 4.474789e+002 -1.441859e+000
1.560000e+002 4.630000e+002 4.534088e+002 4.457426e-001
1.570000e+002 4.880000e+002 4.583165e+002 1.343710e+000
1.580000e+002 4.500000e+002 4.608538e+002 -5.116518e-001
1.590000e+002 4.740000e+002 4.615575e+002 5.715028e-001
1.600000e+002 4.570000e+002 4.608907e+002 -1.819974e-001
1.610000e+002 4.560000e+002 4.598849e+002 -1.819263e-001
1.620000e+002 4.500000e+002 4.594435e+002 -4.451728e-001
1.630000e+002 4.470000e+002 4.599704e+002 -6.134803e-001
1.640000e+002 4.890000e+002 4.609148e+002 1.270057e+000
1.650000e+002 4.390000e+002 4.611002e+002 -1.054786e+000
1.660000e+002 4.920000e+002 4.605320e+002 1.418687e+000
1.670000e+002 4.600000e+002 4.585869e+002 6.588534e-002
1.680000e+002 4.570000e+002 4.562807e+002 3.364838e-002
1.690000e+002 4.340000e+002 4.552405e+002 -1.019576e+000
1.700000e+002 4.560000e+002 4.567826e+002 -3.664759e-002
1.710000e+002 4.400000e+002 4.606838e+002 -9.860612e-001
1.720000e+002 5.160000e+002 4.659131e+002 2.204954e+000
1.730000e+002 4.410000e+002 4.707111e+002 -1.414814e+000
1.740000e+002 4.800000e+002 4.754707e+002 2.067351e-001
1.750000e+002 5.040000e+002 4.793039e+002 1.100051e+000
1.760000e+002 4.700000e+002 4.814752e+002 -5.293130e-001
1.770000e+002 4.920000e+002 4.826714e+002 4.205666e-001
1.780000e+002 5.040000e+002 4.833458e+002 9.200124e-001
1.790000e+002 4.430000e+002 4.846779e+002 -1.980179e+000
1.800000e+002 4.880000e+002 4.885452e+002 -2.467935e-002
1.810000e+002 5.040000e+002 4.941810e+002 4.373735e-001
1.820000e+002 5.100000e+002 5.001975e+002 4.340612e-001
1.830000e+002 4.860000e+002 5.059615e+002 -9.054740e-001
1.840000e+002 5.210000e+002 5.112743e+002 4.260903e-001
1.850000e+002 5.150000e+002 5.149438e+002 2.477189e-003
1.860000e+002 5.490000e+002 5.160428e+002 1.406579e+000
1.870000e+002 5.320000e+002 5.142660e+002 7.688658e-001
1.880000e+002 4.780000e+002 5.114577e+002 -1.530321e+000
1.890000e+002 5.200000e+002 5.104317e+002 4.195965e-001
1.900000e+002 4.850000e+002 5.122082e+002 -1.235463e+000
1.910000e+002 5.120000e+002 5.173950e+002 -2.384295e-001
1.920000e+002 5.130000e+002 5.248984e+002 -5.253282e-001
1.930000e+002 5.730000e+002 5.326704e+002 1.684793e+000
1.940000e+002 5.570000e+002 5.384042e+002 7.879283e-001
1.950000e+002 5.100000e+002 5.420855e+002 -1.420770e+000
1.960000e+002 5.650000e+002 5.448078e+002 8.494904e-001
1.970000e+002 5.280000e+002 5.462306e+002 -7.933868e-001
1.980000e+002 5.720000e+002 5.463709e+002 1.071607e+000
1.990000e+002 5.310000e+002 5.447933e+002 -5.985762e-001
2.000000e+002 5.670000e+002 5.419953e+002 1.050100e+000
2.010000e+002 5.400000e+002 5.383566e+002 7.071927e-002
2.020000e+002 4.960000e+002 5.354630e+002 -1.771939e+000
2.030000e+002 5.570000e+002 5.347169e+002 9.441673e-001
2.040000e+002 5.420000e+002 5.353585e+002 2.852790e-001
2.050000e+002 5.280000e+002 5.373564e+002 -4.071857e-001
2.060000e+002 5.090000e+002 5.412397e+002 -1.428999e+000
2.070000e+002 5.820000e+002 5.465788e+002 1.468257e+000
2.080000e+002 5.460000e+002 5.512924e+002 -2.264925e-001
2.090000e+002 5.680000e+002 5.546383e+002 5.606464e-001
2.100000e+002 5.620000e+002 5.562326e+002 2.432830e-001
2.110000e+002 5.580000e+002 5.564355e+002 6.623194e-002
2.120000e+002 5.460000e+002 5.561363e+002 -4.337952e-001
2.130000e+002 5.520000e+002 5.562476e+002 -1.807894e-001
2.140000e+002 5.810000e+002 5.570597e+002 9.932128e-001
2.150000e+002 5.340000e+002 5.587990e+002 -1.073158e+000
2.160000e+002 5.600000e+002 5.625619e+002 -1.082599e-001
2.170000e+002 5.640000e+002 5.682727e+002 -1.799132e-001
2.180000e+002 5.630000e+002 5.752876e+002 -5.178601e-001
2.190000e+002 6.200000e+002 5.825172e+002 1.505347e+000
2.200000e+002 5.780000e+002 5.886015e+002 -4.409660e-001
2.210000e+002 5.790000e+002 5.937655e+002 -6.136315e-001
2.220000e+002 6.020000e+002 5.979318e+002 1.658077e-001
2.230000e+002 6.200000e+002 6.001309e+002 7.979641e-001
2.240000e+002 6.050000e+002 5.996568e+002 2.172326e-001
2.250000e+002 5.960000e+002 5.969335e+002 -3.823830e-002
2.260000e+002 6.520000e+002 5.929021e+002 2.314453e+000
2.270000e+002 5.150000e+002 5.892359e+002 -3.271224e+000
2.280000e+002 6.150000e+002 5.893124e+002 1.035825e+000
2.290000e+002 5.660000e+002 5.930187e+002 -1.135679e+000
2.300000e+002 6.030000e+002 6.000469e+002 1.202590e-001
2.310000e+002 6.080000e+002 6.089556e+002 -3.875405e-002
2.320000e+002 6.050000e+002 6.180696e+002 -5.313554e-001
2.330000e+002 6.670000e+002 6.255333e+002 1.605598e+000
2.340000e+002 6.450000e+002 6.292880e+002 6.186597e-001
2.350000e+002 6.370000e+002 6.292509e+002 3.070298e-001
2.360000e+002 5.980000e+002 6.266890e+002 -1.173178e+000
2.370000e+002 6.590000e+002 6.230658e+002 1.399798e+000
2.380000e+002 6.010000e+002 6.188613e+002 -7.285772e-001
2.390000e+002 6.030000e+002 6.156587e+002 -5.155019e-001
2.400000e+002 6.050000e+002 6.143707e+002 -3.809712e-001
2.410000e+002 6.470000e+002 6.148947e+002 1.262188e+000
2.420000e+002 5.790000e+002 6.168667e+002 -1.573685e+000
2.430000e+002 5.980000e+002 6.208462e+002 -9.342504e-001
2.440000e+002 6.810000e+002 6.254272e+002 2.129553e+000
2.450000e+002 6.580000e+002 6.281302e+002 1.164447e+000
2.460000e+002 6.010000e+002 6.290968e+002 -1.146094e+000
2.470000e+002 6.410000e+002 6.301698e+002 4.277663e-001
2.480000e+002 5.970000e+002 6.322117e+002 -1.441118e+000
2.490000e+002 6.750000e+002 6.357852e+002 1.509377e+000
2.500000e+002 6.200000e+002 6.401888e+002 -8.108011e-001
2.510000e+002 6.420000e+002 6.458272e+002 -1.510493e-001
2.520000e+002 6.340000e+002 6.524918e+002 -7.344015e-001
2.530000e+002 6.680000e+002 6.593010e+002 3.365735e-001
2.540000e+002 6.880000e+002 6.645125e+002 8.954534e-001
2.550000e+002 7.040000e+002 6.668319e+002 1.400824e+000
2.560000e+002 6.580000e+002 6.665554e+002 -3.335249e-001
2.570000e+002 6.430000e+002 6.658045e+002 -8.993206e-001
2.580000e+002 6.910000e+002 6.664281e+002 9.347576e-001
2.590000e+002 6.190000e+002 6.693380e+002 -2.023254e+000
2.600000e+002 6.530000e+002 6.756456e+002 -8.861898e-001
2.610000e+002 7.160000e+002 6.839134e+002 1.199134e+000
2.620000e+002 7.050000e+002 6.913269e+002 5.149592e-001
2.630000e+002 7.260000e+002 6.963602e+002 1.100036e+000
2.640000e+002 6.850000e+002 6.987698e+002 -5.261175e-001
2.650000e+002 7.020000e+002 6.995900e+002 9.096135e-002
2.660000e+002 6.880000e+002 6.995708e+002 -4.411316e-001
2.670000e+002 7.200000e+002 6.992802e+002 7.721803e-001
2.680000e+002 6.760000e+002 6.990108e+002 -8.850296e-001
2.690000e+002 6.880000e+002 6.995597e+002 -4.407105e-001
2.700000e+002 7.450000e+002 7.007486e+002 1.621245e+000
2.710000e+002 6.830000e+002 7.020702e+002 -7.296995e-001
2.720000e+002 6.740000e+002 7.045325e+002 -1.176069e+000
2.730000e+002 7.340000e+002 7.083771e+002 9.457588e-001
2.740000e+002 7.040000e+002 7.124763e+002 -3.194627e-001
2.750000e+002 7.220000e+002 7.163492e+002 2.102995e-001
2.760000e+002 7.150000e+002 7.194724e+002 -1.672566e-001
2.770000e+002 7.330000e+002 7.214243e+002 4.275570e-001
2.780000e+002 7.330000e+002 7.217728e+002 4.146843e-001
2.790000e+002 7.240000e+002 7.206531e+002 1.243848e-001
2.800000e+002 7.180000e+002 7.188423e+002 -3.143488e-002
2.810000e+002 7.000000e+002 7.173739e+002 -6.566707e-001
2.820000e+002 7.480000e+002 7.170858e+002 1.130336e+000
2.830000e+002 6.720000e+002 7.183514e+002 -1.788043e+000
2.840000e+002 7.170000e+002 7.221060e+002 -1.906879e-001
2.850000e+002 7.280000e+002 7.273859e+002 2.275852e-002
2.860000e+002 7.660000e+002 7.324681e+002 1.211556e+000
2.870000e+002 7.500000e+002 7.359440e+002 5.132508e-001
2.880000e+002 7.180000e+002 7.379351e+002 -7.439707e-001
2.890000e+002 7.330000e+002 7.392774e+002 -2.318615e-001
2.900000e+002 7.730000e+002 7.400145e+002 1.186405e+000
2.910000e+002 7.430000e+002 7.400379e+002 1.086703e-001
2.920000e+002 6.970000e+002 7.405442e+002 -1.649352e+000
2.930000e+002 7.570000e+002 7.426998e+002 5.197491e-001
2.940000e+002 7.060000e+002 7.458874e+002 -1.501183e+000
2.950000e+002 8.040000e+002 7.491484e+002 1.934466e+000
2.960000e+002 7.930000e+002 7.504330e+002 1.511597e+000
2.970000e+002 7.570000e+002 7.498137e+002 2.611921e-001
2.980000e+002 6.710000e+002 7.496605e+002 -3.036655e+000
2.990000e+002 7.850000e+002 7.521429e+002 1.172721e+000
3.000000e+002 7.690000e+002 7.561489e+002 4.634243e-001
3.010000e+002 7.450000e+002 7.610923e+002 -5.895765e-001
3.020000e+002 7.660000e+002 7.670715e+002 -3.871578e-002
3.030000e+002 7.770000e+002 7.736262e+002 1.210347e-001
3.040000e+002 7.890000e+002 7.801164e+002 3.162641e-001
3.050000e+002 7.740000e+002 7.861163e+002 -4.355096e-001
3.060000e+002 7.840000e+002 7.914648e+002 -2.665990e-001
3.070000e+002 8.070000e+002 7.955227e+002 4.040209e-001
3.080000e+002 8.400000e+002 7.973401e+002 1.471905e+000
3.090000e+002 7.910000e+002 7.967386e+002 -2.040417e-001
3.100000e+002 7.520000e+002 7.951905e+002 -1.574997e+000
3.110000e+002 7.850000e+002 7.938881e+002 -3.172298e-001
3.120000e+002 8.600000e+002 7.920722e+002 2.316317e+000
3.130000e+002 7.990000e+002 7.887974e+002 3.609417e-001
3.140000e+002 7.280000e+002 7.856120e+002 -2.135244e+000
3.150000e+002 7.670000e+002 7.844647e+002 -6.306133e-001
3.160000e+002 8.240000e+002 7.847380e+002 1.367757e+000
3.170000e+002 7.860000e+002 7.848514e+002 4.096798e-002
3.180000e+002 8.110000e+002 7.845547e+002 9.286206e-001
3.190000e+002 7.860000e+002 7.842740e+002 6.156454e-002
3.200000e+002 7.280000e+002 7.854893e+002 -2.130694e+000
3.210000e+002 7.960000e+002 7.893851e+002 2.344574e-001
3.220000e+002 8.080000e+002 7.947467e+002 4.662490e-001
3.230000e+002 8.110000e+002 8.001286e+002 3.817448e-001
3.240000e+002 8.010000e+002 8.047718e+002 -1.332700e-001
3.250000e+002 8.260000e+002 8.084302e+002 6.113301e-001
3.260000e+002 8.010000e+002 8.109825e+002 -3.527146e-001
3.270000e+002 7.930000e+002 8.128408e+002 -7.045669e-001
3.280000e+002 8.600000e+002 8.139961e+002 1.568721e+000
3.290000e+002 8.000000e+002 8.139754e+002 -4.941052e-001
3.300000e+002 8.190000e+002 8.136532e+002 1.868307e-001
3.310000e+002 7.860000e+002 8.138266e+002 -9.925437e-001
3.320000e+002 7.990000e+002 8.150824e+002 -5.689542e-001
3.330000e+002 8.590000e+002 8.167876e+002 1.440267e+000
3.340000e+002 7.990000e+002 8.177849e+002 -6.645603e-001
3.350000e+002 8.330000e+002 8.181182e+002 5.156253e-001
3.360000e+002 8.120000e+002 8.176192e+002 -1.971969e-001
3.370000e+002 8.440000e+002 8.164422e+002 9.485777e-001
3.380000e+002 8.050000e+002 8.149206e+002 -3.496564e-001
3.390000e+002 7.920000e+002 8.142631e+002 -7.910839e-001
3.400000e+002 8.290000e+002 8.153265e+002 4.749011e-001
3.410000e+002 8.000000e+002 8.181170e+002 -6.405333e-001
3.420000e+002 8.210000e+002 8.227605e+002 -6.144059e-002
3.430000e+002 8.330000e+002 8.287835e+002 1.460917e-001
3.440000e+002 8.190000e+002 8.355074e+002 -5.768150e-001
3.450000e+002 8.480000e+002 8.422370e+002 1.979006e-001
3.460000e+002 8.800000e+002 8.477372e+002 1.087579e+000
3.470000e+002 8.440000e+002 8.511158e+002 -2.449360e-001
3.480000e+002 8.770000e+002 8.526204e+002 8.232412e-001
3.490000e+002 8.380000e+002 8.527399e+002 -5.091828e-001
3.500000e+002 8.450000e+002 8.526328e+002 -2.625755e-001
3.510000e+002 8.360000e+002 8.530518e+002 -5.897486e-001
3.520000e+002 8.770000e+002 8.541675e+002 7.709990e-001
3.530000e+002 8.290000e+002 8.556429e+002 -9.253453e-001
3.540000e+002 8.740000e+002 8.575464e+002 5.565504e-001
3.550000e+002 8.310000e+002 8.592890e+002 -9.813343e-001
3.560000e+002 9.230000e+002 8.603531e+002 2.062048e+000
3.570000e+002 8.520000e+002 8.598325e+002 -2.683373e-001
3.580000e+002 8.450000e+002 8.586146e+002 -4.683580e-001
3.590000e+002 8.640000e+002 8.577047e+002 2.141712e-001
3.600000e+002 8.160000e+002 8.575864e+002 -1.455814e+000
3.610000e+002 8.720000e+002 8.584455e+002 4.590144e-001
3.620000e+002 8.760000e+002 8.590452e+002 5.728494e-001
3.630000e+002 8.840000e+002 8.583891e+002 8.613892e-001
3.640000e+002 8.610000e+002 8.564386e+002 1.554512e-001
3.650000e+002 8.440000e+002 8.542598e+002 -3.531585e-001
3.660000e+002 8.070000e+002 8.532173e+002 -1.626926e+000
3.670000e+002 8.720000e+002 8.538851e+002 6.134487e-001
3.680000e+002 9.020000e+002 8.551049e+002 1.561435e+000
3.690000e+002 8.280000e+002 8.563301e+002 -9.845377e-001
3.700000e+002 8.480000e+002 8.585422e+002 -3.620190e-001
3.710000e+002 8.710000e+002 8.619583e+002 3.063656e-001
3.720000e+002 8.700000e+002 8.662177e+002 1.282335e-001
3.730000e+002 8.460000e+002 8.712220e+002 -8.671498e-001
3.740000e+002 9.020000e+002 8.768571e+002 8.371664e-001
3.750000e+002 9.060000e+002 8.823250e+002 7.865506e-001
3.760000e+002 8.330000e+002 8.876746e+002 -1.894364e+000
3.770000e+002 9.180000e+002 8.934799e+002 8.092841e-001
3.780000e+002 9.080000e+002 8.986667e+002 3.097371e-001
3.790000e+002 9.120000e+002 9.025655e+002 3.124076e-001
3.800000e+002 8.900000e+002 9.051211e+002 -5.068608e-001
3.810000e+002 9.120000e+002 9.065507e+002 1.804445e-001
3.820000e+002 9.090000e+002 9.066656e+002 7.742560e-002
3.830000e+002 9.290000e+002 9.053518e+002 7.758707e-001
3.840000e+002 8.810000e+002 9.028229e+002 -7.352310e-001
3.850000e+002 9.390000e+002 8.999179e+002 1.275396e+000
3.860000e+002 8.630000e+002 8.972247e+002 -1.165022e+000
3.870000e+002 8.650000e+002 8.961328e+002 -1.058549e+000
3.880000e+002 9.370000e+002 8.968298e+002 1.312304e+000
3.890000e+002 8.710000e+002 8.983968e+002 -9.283057e-001
3.900000e+002 9.130000e+002 9.007329e+002 4.059826e-001
3.910000e+002 8.940000e+002 9.031906e+002 -3.073805e-001
3.920000e+002 9.210000e+002 9.052171e+002 5.200637e-001
3.930000e+002 9.360000e+002 9.061765e+002 9.748115e-001
3.940000e+002 8.880000e+002 9.061412e+002 -6.087777e-001
3.950000e+002 9.020000e+002 9.061591e+002 -1.384826e-001
3.960000e+002 8.760000e+002 9.068503e+002 -1.042335e+000
3.970000e+002 9.300000e+002 9.082526e+002 7.131257e-001
3.980000e+002 9.260000e+002 9.094444e+002 5.440506e-001
3.990000e+002 8.820000e+002 9.101029e+002 -9.462743e-001
4.000000e+002 9.750000e+002 9.104006e+002 2.068836e+000
4.010000e+002 8.940000e+002 9.101696e+002 -5.407932e-001
4.020000e+002 9.020000e+002 9.109321e+002 -2.974061e-001
4.030000e+002 8.700000e+002 9.140845e+002 -1.494603e+000
4.040000e+002 9.210000e+002 9.201717e+002 2.729454e-002
4.050000e+002 9.390000e+002 9.280752e+002 3.565181e-001
4.060000e+002 9.380000e+002 9.363980e+002 5.230654e-002
4.070000e+002 9.590000e+002 9.441294e+002 4.801975e-001
4.080000e+002 9.690000e+002 9.505254e+002 5.934901e-001
4.090000e+002 9.480000e+002 9.554928e+002 -2.433551e-001
4.100000e+002 9.700000e+002 9.595974e+002 3.340077e-001
4.110000e+002 9.160000e+002 9.633905e+002 -1.565828e+000
4.120000e+002 9.860000e+002 9.672921e+002 5.957803e-001
4.130000e+002 9.590000e+002 9.703292e+002 -3.658385e-001
4.140000e+002 9.970000e+002 9.716258e+002 8.036087e-001
4.150000e+002 1.001000e+003 9.702838e+002 9.708457e-001
4.160000e+002 9.460000e+002 9.663533e+002 -6.617420e-001
4.170000e+002 1.009000e+003 9.608796e+002 1.514897e+000
4.180000e+002 9.130000e+002 9.548480e+002 -1.384968e+000
4.190000e+002 9.570000e+002 9.502133e+002 2.193837e-001
4.200000e+002 9.150000e+002 9.479200e+002 -1.088303e+000
4.210000e+002 9.610000e+002 9.484930e+002 4.034518e-001
4.220000e+002 9.290000e+002 9.514840e+002 -7.376750e-001
4.230000e+002 9.640000e+002 9.563810e+002 2.453927e-001
4.240000e+002 9.730000e+002 9.620756e+002 3.502187e-001
4.250000e+002 9.510000e+002 9.676061e+002 -5.384912e-001
4.260000e+002 1.022000e+003 9.722884e+002 1.555007e+000
4.270000e+002 9.600000e+002 9.753599e+002 -4.957376e-001
4.280000e+002 1.003000e+003 9.773240e+002 8.107300e-001
4.290000e+002 9.590000e+002 9.787648e+002 -6.382391e-001
4.300000e+002 9.380000e+002 9.807830e+002 -1.396916e+000
4.310000e+002 1.003000e+003 9.836745e+002 6.102100e-001
4.320000e+002 1.005000e+003 9.862910e+002 5.901579e-001
4.330000e+002 9.690000e+002 9.878775e+002 -6.064318e-001
4.340000e+002 9.580000e+002 9.882626e+002 -9.777415e-001
4.350000e+002 1.039000e+003 9.865608e+002 1.626853e+000
4.360000e+002 1.041000e+003 9.811369e+002 1.855386e+000
4.370000e+002 1.024000e+003 9.721458e+002 1.620444e+000
4.380000e+002 9.000000e+002 9.623445e+002 -2.078149e+000
4.390000e+002 8.780000e+002 9.559890e+002 -2.632002e+000
4.400000e+002 9.770000e+002 9.548582e+002 7.083793e-001
4.410000e+002 9.720000e+002 9.575725e+002 4.627613e-001
4.420000e+002 9.390000e+002 9.628836e+002 -7.794129e-001
4.430000e+002 9.810000e+002 9.699878e+002 3.515915e-001
4.440000e+002 9.890000e+002 9.774868e+002 3.660976e-001
4.450000e+002 9.970000e+002 9.842268e+002 4.045319e-001
4.460000e+002 9.680000e+002 9.896086e+002 -6.945274e-001
4.470000e+002 1.033000e+003 9.933520e+002 1.233590e+000
4.480000e+002 9.930000e+002 9.948773e+002 -5.957400e-002
4.490000e+002 9.970000e+002 9.946208e+002 7.534857e-002
4.500000e+002 9.930000e+002 9.932800e+002 -8.886381e-003
4.510000e+002 9.760000e+002 9.916101e+002 -4.996673e-001
4.520000e+002 1.000000e+003 9.902506e+002 3.083041e-001
4.530000e+002 1.008000e+003 9.894126e+002 5.854488e-001
4.540000e+002 9.520000e+002 9.896330e+002 -1.219691e+000
4.550000e+002 9.960000e+002 9.917941e+002 1.332687e-001
4.560000e+002 9.850000e+002 9.957140e+002 -3.413770e-001
4.570000e+002 9.850000e+002 1.000947e+003 -5.081235e-001
4.580000e+002 1.030000e+003 1.006613e+003 7.287221e-001
4.590000e+002 1.050000e+003 1.011413e+003 1.190824e+000
4.600000e+002 1.009000e+003 1.014926e+003 -1.865585e-001
4.610000e+002 9.820000e+002 1.018017e+003 -1.149358e+000
4.620000e+002 1.026000e+003 1.021368e+003 1.446033e-001
4.630000e+002 1.019000e+003 1.024496e+003 -1.721850e-001
4.640000e+002 1.061000e+003 1.026731e+003 1.052060e+000
4.650000e+002 1.011000e+003 1.027521e+003 -5.196053e-001
4.660000e+002 1.046000e+003 1.027160e+003 5.825137e-001
4.670000e+002 1.020000e+003 1.025823e+003 -1.823221e-001
4.680000e+002 1.033000e+003 1.024077e+003 2.776321e-001
4.690000e+002 1.031000e+003 1.022520e+003 2.641023e-001
4.700000e+002 1.009000e+003 1.022041e+003 -4.105543e-001
4.710000e+002 1.009000e+003 1.023755e+003 -4.644930e-001
4.720000e+002 1.005000e+003 1.028317e+003 -7.355213e-001
4.730000e+002 1.011000e+003 1.035643e+003 -7.750420e-001
4.740000e+002 1.061000e+003 1.044611e+003 5.031460e-001
4.750000e+002 1.062000e+003 1.053271e+003 2.678483e-001
4.760000e+002 1.086000e+003 1.060034e+003 7.879408e-001
4.770000e+002 1.084000e+003 1.063876e+003 6.112267e-001
4.780000e+002 1.091000e+003 1.064737e+003 7.951260e-001
4.790000e+002 1.044000e+003 1.063516e+003 -6.040122e-001
4.800000e+002 1.046000e+003 1.061870e+003 -4.906856e-001
4.810000e+002 1.059000e+003 1.060935e+003 -5.946092e-002
4.820000e+002 1.038000e+003 1.061212e+003 -7.204586e-001
4.830000e+002 1.089000e+003 1.062847e+003 7.925074e-001
4.840000e+002 1.054000e+003 1.065460e+003 -3.530019e-001
4.850000e+002 1.061000e+003 1.069163e+003 -2.506202e-001
4.860000e+002 1.041000e+003 1.073856e+003 -1.018318e+000
4.870000e+002 1.100000e+003 1.078860e+003 6.373847e-001
4.880000e+002 1.091000e+003 1.082600e+003 2.543117e-001
4.890000e+002 1.137000e+003 1.083913e+003 1.574364e+000
4.900000e+002 1.072000e+003 1.082399e+003 -3.176077e-001
4.910000e+002 1.098000e+003 1.079107e+003 5.701561e-001
4.920000e+002 1.089000e+003 1.075286e+003 4.155769e-001
4.930000e+002 1.006000e+003 1.072746e+003 -2.104397e+000
4.940000e+002 1.056000e+003 1.073309e+003 -5.326452e-001
4.950000e+002 1.078000e+003 1.076680e+003 4.021411e-002
4.960000e+002 1.063000e+003 1.081537e+003 -5.685595e-001
4.970000e+002 1.098000e+003 1.086333e+003 3.521016e-001
4.980000e+002 1.156000e+003 1.089063e+003 1.968740e+000
4.990000e+002 1.099000e+003 1.088376e+003 3.204784e-001
5.000000e+002 1.103000e+003 1.084899e+003 5.450130e-001
5.010000e+002 1.068000e+003 1.080149e+003 -3.717572e-001
5.020000e+002 1.048000e+003 1.076143e+003 -8.693438e-001
5.030000e+002 1.045000e+003 1.074460e+003 -9.113173e-001
5.040000e+002 1.095000e+003 1.075522e+003 5.886185e-001
5.050000e+002 1.045000e+003 1.078797e+003 -1.045480e+000
5.060000e+002 1.098000e+003 1.083833e+003 4.275489e-001
5.070000e+002 1.091000e+003 1.089404e+003 4.830608e-002
5.080000e+002 1.125000e+003 1.094449e+003 9.108571e-001
5.090000e+002 1.081000e+003 1.098264e+003 -5.250832e-001
5.100000e+002 1.102000e+003 1.100887e+003 3.352841e-002
5.110000e+002 1.107000e+003 1.102075e+003 1.480347e-001
5.120000e+002 1.085000e+003 1.101525e+003 -5.016780e-001
5.130000e+002 1.151000e+003 1.098964e+003 1.533794e+000
5.140000e+002 1.073000e+003 1.094029e+003 -6.419790e-001
5.150000e+002 1.142000e+003 1.087505e+003 1.612577e+000
5.160000e+002 1.057000e+003 1.080292e+003 -7.164174e-001
5.170000e+002 1.032000e+003 1.074460e+003 -1.321729e+000
5.180000e+002 1.091000e+003 1.071441e+003 5.921426e-001
5.190000e+002 1.041000e+003 1.071341e+003 -9.403705e-001
5.200000e+002 1.086000e+003 1.074274e+003 3.558092e-001
5.210000e+002 1.054000e+003 1.079669e+003 -7.906607e-001
5.220000e+002 1.079000e+003 1.086870e+003 -2.395735e-001
5.230000e+002 1.114000e+003 1.094483e+003 5.847503e-001
5.240000e+002 1.127000e+003 1.100834e+003 7.794366e-001
5.250000e+002 1.137000e+003 1.104922e+003 9.513335e-001
5.260000e+002 1.127000e+003 1.106836e+003 6.006453e-001
5.270000e+002 1.034000e+003 1.107875e+003 -2.297416e+000
5.280000e+002 1.121000e+003 1.109562e+003 3.416264e-001
5.290000e+002 1.135000e+003 1.111392e+003 7.007478e-001
5.300000e+002 1.098000e+003 1.112785e+003 -4.461939e-001
5.310000e+002 1.154000e+003 1.113789e+003 1.183703e+000
5.320000e+002 1.104000e+003 1.114465e+003 -3.149586e-001
5.330000e+002 1.076000e+003 1.115790e+003 -1.213014e+000
5.340000e+002 1.079000e+003 1.118425e+003 -1.200228e+000
5.350000e+002 1.219000e+003 1.121509e+003 2.792299e+000
5.360000e+002 1.094000e+003 1.123369e+003 -8.879317e-001
5.370000e+002 1.157000e+003 1.124348e+003 9.599525e-001
5.380000e+002 1.134000e+003 1.124794e+003 2.733699e-001
5.390000e+002 1.070000e+003 1.125799e+003 -1.705813e+000
5.400000e+002 1.121000e+003 1.128517e+003 -2.245085e-001
5.410000e+002 1.106000e+003 1.132478e+003 -7.961585e-001
5.420000e+002 1.181000e+003 1.136400e+003 1.297795e+000
5.430000e+002 1.158000e+003 1.138497e+003 5.731256e-001
5.440000e+002 1.164000e+003 1.138110e+003 7.588611e-001
5.450000e+002 1.126000e+003 1.135582e+003 -2.855543e-001
5.460000e+002 1.094000e+003 1.132022e+003 -1.149554e+000
5.470000e+002 1.166000e+003 1.128173e+003 1.107789e+000
5.480000e+002 1.111000e+003 1.123871e+003 -3.861484e-001
5.490000e+002 1.113000e+003 1.119611e+003 -1.981573e-001
5.500000e+002 1.097000e+003 1.115730e+003 -5.654990e-001
5.510000e+002 1.144000e+003 1.112154e+003 9.415528e-001
5.520000e+002 1.117000e+003 1.108444e+003 2.560106e-001
5.530000e+002 1.109000e+003 1.104962e+003 1.212599e-001
5.540000e+002 1.060000e+003 1.102558e+003 -1.307171e+000
5.550000e+002 1.099000e+003 1.101943e+003 -8.877060e-002
5.560000e+002 1.127000e+003 1.102570e+003 7.277090e-001
5.570000e+002 1.061000e+003 1.103666e+003 -1.309865e+000
5.580000e+002 1.152000e+003 1.104801e+003 1.390616e+000
5.590000e+002 1.110000e+003 1.104773e+003 1.568987e-001
5.600000e+002 1.104000e+003 1.103389e+003 1.840128e-002
5.610000e+002 1.077000e+003 1.100930e+003 -7.291860e-001
5.620000e+002 1.130000e+003 1.097559e+003 9.650690e-001
5.630000e+002 1.104000e+003 1.092967e+003 3.320506e-001
5.640000e+002 1.091000e+003 1.087654e+003 1.012873e-001
5.650000e+002 1.049000e+003 1.082684e+003 -1.039996e+000
5.660000e+002 1.056000e+003 1.079040e+003 -7.090176e-001
5.670000e+002 1.080000e+003 1.076553e+003 1.048777e-001
5.680000e+002 1.111000e+003 1.074139e+003 1.105896e+000
5.690000e+002 1.050000e+003 1.070902e+003 -6.450392e-001
5.700000e+002 1.085000e+003 1.066859e+003 5.507284e-001
5.710000e+002 1.053000e+003 1.061795e+003 -2.710376e-001
5.720000e+002 1.070000e+003 1.055796e+003 4.342331e-001
5.730000e+002 1.054000e+003 1.048921e+003 1.564285e-001
5.740000e+002 1.060000e+003 1.041622e+003 5.644907e-001
5.750000e+002 9.810000e+002 1.034737e+003 -1.715703e+000
5.760000e+002 1.048000e+003 1.029263e+003 5.787869e-001
5.770000e+002 1.037000e+003 1.024747e+003 3.804915e-001
5.780000e+002 1.030000e+003 1.020963e+003 2.815762e-001
5.790000e+002 1.000000e+003 1.018265e+003 -5.775887e-001
5.800000e+002 9.810000e+002 1.017232e+003 -1.156786e+000
5.810000e+002 1.045000e+003 1.017647e+003 8.461535e-001
5.820000e+002 1.009000e+003 1.018196e+003 -2.894955e-001
5.830000e+002 1.038000e+003 1.018024e+003 6.200189e-001
5.840000e+002 1.020000e+003 1.016349e+003 1.143287e-001
5.850000e+002 1.029000e+003 1.012947e+003 5.004442e-001
5.860000e+002 1.042000e+003 1.007983e+003 1.053821e+000
5.870000e+002 9.440000e+002 1.002395e+003 -1.900607e+000
5.880000e+002 9.980000e+002 9.977867e+002 6.751671e-003
5.890000e+002 9.970000e+002 9.940722e+002 9.272328e-002
5.900000e+002 1.018000e+003 9.907113e+002 8.552824e-001
5.910000e+002 9.970000e+002 9.874677e+002 3.018902e-001
5.920000e+002 9.840000e+002 9.850463e+002 -3.335501e-002
5.930000e+002 9.370000e+002 9.846545e+002 -1.556804e+000
5.940000e+002 1.024000e+003 9.871418e+002 1.151818e+000
5.950000e+002 9.030000e+002 9.920338e+002 -2.962860e+000
5.960000e+002 1.016000e+003 9.988129e+002 5.392082e-001
5.970000e+002 9.530000e+002 1.004278e+003 -1.661062e+000
5.980000e+002 9.900000e+002 1.004563e+003 -4.628397e-001
5.990000e+002 9.930000e+002 9.941266e+002 -3.575074e-002
6.000000e+002 9.910000e+002 9.665344e+002 7.771738e-001
6.010000e+002 9.800000e+002 9.153946e+002 2.063744e+000
6.020000e+002 9.640000e+002 8.356002e+002 4.135480e+000
6.030000e+002 8.670000e+002 7.253570e+002 4.810450e+000
6.040000e+002 7.230000e+002 5.888590e+002 4.988756e+000
6.050000e+002 4.310000e+002 4.379399e+002 -3.342835e-001
6.060000e+002 2.600000e+002 2.914219e+002 -1.948702e+000
6.070000e+002 1.460000e+002 1.681294e+002 -1.831442e+000
6.080000e+002 5.400000e+001 8.177080e+001 -3.779127e+000
6.090000e+002 3.800000e+001 3.629962e+001 2.758372e-001
6.100000e+002 2.300000e+001 1.866575e+001 9.037536e-001
6.110000e+002 1.500000e+001 1.466519e+001 8.644637e-002
6.120000e+002 1.800000e+001 1.654406e+001 3.431685e-001
6.130000e+002 2.000000e+001 1.936635e+001 1.416877e-001
6.140000e+002 2.200000e+001 2.116276e+001 1.784992e-001
6.150000e+002 1.900000e+001 2.189442e+001 -6.640244e-001
6.160000e+002 3.000000e+001 2.177049e+001 1.502495e+000
6.170000e+002 1.600000e+001 1.866660e+001 -6.666496e-001
6.180000e+002 1.600000e+001 1.657380e+001 -1.434496e-001
6.190000e+002 1.800000e+001 1.611849e+001 4.434761e-001
6.200000e+002 1.400000e+001 1.631163e+001 -6.178101e-001
6.210000e+002 1.900000e+001 1.787039e+001 2.591512e-001
6.220000e+002 2.300000e+001 1.761062e+001 1.123763e+000
6.230000e+002 1.100000e+001 1.476069e+001 -1.133892e+000
6.240000e+002 1.900000e+001 1.369470e+001 1.217120e+000
6.250000e+002 1.100000e+001 1.207632e+001 -3.245215e-001
6.260000e+002 1.100000e+001 1.289038e+001 -5.699709e-001
6.270000e+002 1.900000e+001 1.688999e+001 4.840705e-001
6.280000e+002 2.300000e+001 1.953046e+001 7.234482e-001
6.290000e+002 1.700000e+001 1.959265e+001 -6.288102e-001
6.300000e+002 2.000000e+001 2.027301e+001 -6.104736e-002
6.310000e+002 2.200000e+001 2.105256e+001 2.019958e-001
6.320000e+002 2.200000e+001 2.012325e+001 4.001245e-001
6.330000e+002 1.700000e+001 1.759373e+001 -1.440004e-001
6.340000e+002 1.400000e+001 1.631789e+001 -6.194834e-001
6.350000e+002 1.900000e+001 1.742126e+001 3.621880e-001
6.360000e+002 2.000000e+001 1.720394e+001 6.252182e-001
6.370000e+002 1.400000e+001 1.437530e+001 -1.003033e-001
6.380000e+002 1.100000e+001 1.248116e+001 -4.465878e-001
6.390000e+002 1.300000e+001 1.426525e+001 -3.509167e-001
6.400000e+002 2.800000e+001 1.726360e+001 2.028990e+000
6.410000e+002 1.300000e+001 1.790810e+001 -1.361263e+000
6.420000e+002 2.400000e+001 2.095130e+001 6.223139e-001
6.430000e+002 2.500000e+001 2.329014e+001 3.419720e-001
6.440000e+002 2.400000e+001 2.338503e+001 1.255307e-001
6.450000e+002 2.000000e+001 2.304560e+001 -6.810159e-001
6.460000e+002 2.500000e+001 2.422771e+001 1.544577e-001
6.470000e+002 2.900000e+001 2.454499e+001 8.272746e-001
6.480000e+002 2.300000e+001 2.259254e+001 8.496071e-002
6.490000e+002 1.700000e+001 2.217593e+001 -1.255347e+000
6.500000e+002 3.200000e+001 2.647221e+001 9.771852e-001
6.510000e+002 3.100000e+001 3.058529e+001 7.448497e-002
6.520000e+002 3.500000e+001 3.276130e+001 3.784101e-001
6.530000e+002 2.900000e+001 3.352685e+001 -8.406144e-001
6.540000e+002 3.900000e+001 3.429752e+001 7.530001e-001
6.550000e+002 3.100000e+001 3.303260e+001 -3.650652e-001
6.560000e+002 3.300000e+001 2.973945e+001 5.675896e-001
6.570000e+002 2.200000e+001 2.408840e+001 -4.452489e-001
6.580000e+002 1.900000e+001 1.759422e+001 3.225084e-001
6.590000e+002 1.100000e+001 1.014574e+001 2.575696e-001
6.600000e+002 3.000000e+000 3.821672e+000 -4.743925e-001
6.610000e+002 2.000000e+000 1.570893e+000 3.034244e-001
6.620000e+002 0.000000e+000 2.971190e-002 -2.971190e-002
6.630000e+002 0.000000e+000 1.924686e-001 -1.924686e-001
6.640000e+002 3.000000e+000 2.293160e+000 4.080940e-001
6.650000e+002 2.000000e+000 2.134193e+000 -9.488863e-002
6.660000e+002 1.000000e+000 8.839731e-001 1.160269e-001
6.670000e+002 0.000000e+000 3.651068e-001 -3.651068e-001
6.680000e+002 4.000000e+000 2.650898e+000 6.745512e-001
6.690000e+002 2.000000e+000 1.900857e+000 7.010462e-002
6.700000e+002 0.000000e+000 3.960688e-001 -3.960688e-001
6.710000e+002 3.000000e+000 1.513723e+000 8.581026e-001
6.720000e+002 0.000000e+000 4.645619e-001 -4.645619e-001
6.730000e+002 2.000000e+000 1.268502e+000 5.172474e-001
6.740000e+002 0.000000e+000 1.106514e-001 -1.106514e-001
6.750000e+002 0.000000e+000 1.521516e-001 -1.521516e-001
6.760000e+002 3.000000e+000 2.754640e+000 1.416588e-001
6.770000e+002 5.000000e+000 4.270629e+000 3.261845e-001
6.780000e+002 3.000000e+000 3.573965e+000 -3.313788e-001
6.790000e+002 4.000000e+000 3.262791e+000 3.686047e-001
6.800000e+002 2.000000e+000 2.516240e+000 -3.650365e-001
6.810000e+002 4.000000e+000 2.774671e+000 6.126647e-001
6.820000e+002 1.000000e+000 1.220732e+000 -2.207316e-001
6.830000e+002 1.000000e+000 9.027523e-001 9.724766e-002
6.840000e+002 1.000000e+000 1.102451e+000 -1.024508e-001
6.850000e+002 2.000000e+000 1.618653e+000 2.696528e-001
6.860000e+002 1.000000e+000 1.292459e+000 -2.924590e-001
6.870000e+002 3.000000e+000 1.854938e+000 6.611020e-001
6.880000e+002 0.000000e+000 3.423142e-001 -3.423142e-001
6.890000e+002 1.000000e+000 7.997937e-001 2.002063e-001
6.900000e+002 1.000000e+000 1.085632e+000 -8.563236e-002
6.910000e+002 2.000000e+000 1.988095e+000 8.417817e-003
6.920000e+002 3.000000e+000 3.223872e+000 -1.292525e-001
6.930000e+002 5.000000e+000 3.437475e+000 6.987823e-001
6.940000e+002 1.000000e+000 1.430271e+000 -4.302713e-001
6.950000e+002 3.000000e+000 1.858671e+000 6.589465e-001
6.960000e+002 1.000000e+000 1.300180e+000 -3.001804e-001
6.970000e+002 3.000000e+000 2.550347e+000 2.596074e-001
6.980000e+002 3.000000e+000 3.136889e+000 -7.903306e-002
6.990000e+002 3.000000e+000 2.581267e+000 2.417554e-001
7.000000e+002 1.000000e+000 1.245278e+000 -2.452778e-001
7.010000e+002 2.000000e+000 1.591915e+000 2.885596e-001
7.020000e+002 1.000000e+000 1.074888e+000 -7.488810e-002
7.030000e+002 1.000000e+000 1.045410e+000 -4.541003e-002
7.040000e+002 2.000000e+000 1.747372e+000 1.786352e-001
7.050000e+002 2.000000e+000 2.401467e+000 -2.838798e-001
7.060000e+002 5.000000e+000 4.264450e+000 3.289478e-001
7.070000e+002 5.000000e+000 4.432296e+000 2.538851e-001
7.080000e+002 3.000000e+000 3.939681e+000 -5.425251e-001
7.090000e+002 8.000000e+000 6.084699e+000 6.771611e-001
7.100000e+002 6.000000e+000 7.093772e+000 -4.465304e-001
7.110000e+002 1.100000e+001 6.824635e+000 1.258920e+000
7.120000e+002 3.000000e+000 4.269175e+000 -7.327585e-001
7.130000e+002 6.000000e+000 5.593148e+000 1.660967e-001
7.140000e+002 8.000000e+000 7.180549e+000 2.897197e-001
7.150000e+002 8.000000e+000 5.027259e+000 1.051023e+000
7.160000e+002 1.000000e+000 1.801437e+000 -8.014366e-001
7.170000e+002 1.300000e+001 6.358203e+000 1.842103e+000
7.180000e+002 8.000000e+000 9.297054e+000 -4.585777e-001
7.190000e+002 1.100000e+001 9.704403e+000 3.906373e-001
7.200000e+002 9.000000e+000 6.510783e+000 8.297391e-001
7.210000e+002 2.000000e+000 3.248056e+000 -8.825092e-001
7.220000e+002 1.000000e+001 8.163340e+000 5.808028e-001
7.230000e+002 1.800000e+001 1.350629e+001 1.059177e+000
7.240000e+002 1.300000e+001 1.435764e+001 -3.765405e-001
7.250000e+002 1.300000e+001 1.426750e+001 -3.515401e-001
7.260000e+002 1.600000e+001 1.469910e+001 3.252257e-001
7.270000e+002 1.400000e+001 1.386940e+001 3.490395e-002
7.280000e+002 1.400000e+001 1.185810e+001 5.724473e-001
7.290000e+002 8.000000e+000 1.087916e+001 -1.017938e+000
7.300000e+002 1.700000e+001 1.520064e+001 4.364084e-001
7.310000e+002 2.200000e+001 1.981252e+001 4.663719e-001
7.320000e+002 2.400000e+001 2.098494e+001 6.154474e-001
7.330000e+002 1.600000e+001 1.993211e+001 -9.830285e-001
7.340000e+002 2.400000e+001 2.066712e+001 6.803222e-001
7.350000e+002 2.200000e+001 2.155692e+001 9.446424e-002
7.360000e+002 2.000000e+001 2.356052e+001 -7.961574e-001
7.370000e+002 3.100000e+001 2.796224e+001 5.455972e-001
7.380000e+002 3.300000e+001 3.137908e+001 2.821654e-001
7.390000e+002 3.500000e+001 3.249513e+001 4.234004e-001
7.400000e+002 2.800000e+001 3.287070e+001 -9.204752e-001
7.410000e+002 3.800000e+001 3.533464e+001 4.323792e-001
7.420000e+002 3.800000e+001 3.836175e+001 -5.868284e-002
7.430000e+002 4.500000e+001 4.118975e+001 5.679982e-001
7.440000e+002 3.800000e+001 4.397366e+001 -9.690561e-001
7.450000e+002 5.200000e+001 4.821977e+001 5.242234e-001
7.460000e+002 5.500000e+001 5.172990e+001 4.409395e-001
7.470000e+002 5.000000e+001 5.382277e+001 -5.406217e-001
7.480000e+002 5.900000e+001 5.565633e+001 4.353085e-001
7.490000e+002 5.400000e+001 5.689797e+001 -3.943635e-001
7.500000e+002 6.100000e+001 5.797388e+001 3.874551e-001
7.510000e+002 6.100000e+001 5.845860e+001 3.253924e-001
7.520000e+002 5.600000e+001 5.939162e+001 -4.532240e-001
7.530000e+002 5.800000e+001 6.303580e+001 -6.612329e-001
7.540000e+002 7.400000e+001 6.939554e+001 5.352582e-001
7.550000e+002 7.500000e+001 7.575925e+001 -8.767014e-002
7.560000e+002 9.400000e+001 8.060929e+001 1.381146e+000
7.570000e+002 7.500000e+001 8.371815e+001 -1.006685e+000
7.580000e+002 8.100000e+001 8.834287e+001 -8.158746e-001
7.590000e+002 1.080000e+002 9.449392e+001 1.299623e+000
7.600000e+002 1.000000e+002 9.940168e+001 5.983160e-002
7.610000e+002 1.040000e+002 1.035619e+002 4.295670e-002
7.620000e+002 9.900000e+001 1.086742e+002 -9.722960e-001
7.630000e+002 1.110000e+002 1.158497e+002 -4.603136e-001
7.640000e+002 1.410000e+002 1.228178e+002 1.531214e+000
7.650000e+002 1.300000e+002 1.261803e+002 3.350131e-001
7.660000e+002 1.280000e+002 1.264793e+002 1.344160e-001
7.670000e+002 1.170000e+002 1.262873e+002 -8.586095e-001
7.680000e+002 1.310000e+002 1.281574e+002 2.483619e-001
7.690000e+002 1.270000e+002 1.324114e+002 -4.801884e-001
7.700000e+002 1.400000e+002 1.390949e+002 7.649186e-002
7.710000e+002 1.450000e+002 1.471353e+002 -1.773249e-001
7.720000e+002 1.590000e+002 1.552126e+002 3.003629e-001
7.730000e+002 1.690000e+002 1.617820e+002 5.552279e-001
7.740000e+002 1.730000e+002 1.662675e+002 5.118628e-001
7.750000e+002 1.570000e+002 1.699282e+002 -1.031779e+000
7.760000e+002 1.760000e+002 1.749350e+002 8.028060e-002
7.770000e+002 1.920000e+002 1.812240e+002 7.776907e-001
7.780000e+002 1.740000e+002 1.887156e+002 -1.115583e+000
7.790000e+002 1.910000e+002 1.984769e+002 -5.410126e-001
7.800000e+002 2.370000e+002 2.090507e+002 1.815500e+000
7.810000e+002 2.050000e+002 2.180112e+002 -9.087385e-001
7.820000e+002 2.230000e+002 2.258328e+002 -1.896988e-001
7.830000e+002 2.470000e+002 2.318222e+002 9.657399e-001
7.840000e+002 2.480000e+002 2.348707e+002 8.337102e-001
7.850000e+002 2.230000e+002 2.361173e+002 -8.783990e-001
7.860000e+002 2.270000e+002 2.383855e+002 -7.556831e-001
7.870000e+002 2.490000e+002 2.426720e+002 4.010215e-001
7.880000e+002 2.510000e+002 2.481343e+002 1.808795e-001
7.890000e+002 2.330000e+002 2.544245e+002 -1.403568e+000
7.900000e+002 2.840000e+002 2.610306e+002 1.362982e+000
7.910000e+002 2.740000e+002 2.652757e+002 5.270552e-001
7.920000e+002 2.710000e+002 2.665526e+002 2.701587e-001
7.930000e+002 2.550000e+002 2.660196e+002 -6.900736e-001
7.940000e+002 2.570000e+002 2.652612e+002 -5.153180e-001
7.950000e+002 2.830000e+002 2.643801e+002 1.106840e+000
7.960000e+002 2.550000e+002 2.626461e+002 -4.788151e-001
7.970000e+002 2.580000e+002 2.609087e+002 -1.810902e-001
7.980000e+002 2.460000e+002 2.595037e+002 -8.609616e-001
7.990000e+002 2.650000e+002 2.577450e+002 4.456681e-001
8.000000e+002 2.660000e+002 2.533483e+002 7.757225e-001
8.010000e+002 2.410000e+002 2.448319e+002 -2.468326e-001
8.020000e+002 2.310000e+002 2.322991e+002 -8.547319e-002
8.030000e+002 2.140000e+002 2.156832e+002 -1.150630e-001
8.040000e+002 2.080000e+002 1.945541e+002 9.323082e-001
8.050000e+002 1.640000e+002 1.686979e+002 -3.668426e-001
8.060000e+002 1.320000e+002 1.396459e+002 -6.654913e-001
8.070000e+002 1.290000e+002 1.080818e+002 1.841741e+000
8.080000e+002 7.800000e+001 7.391784e+001 4.622134e-001
8.090000e+002 4.000000e+001 4.211893e+001 -3.350329e-001
8.100000e+002 1.500000e+001 2.015305e+001 -1.330512e+000
8.110000e+002 1.200000e+001 1.153491e+001 1.342608e-001
8.120000e+002 1.300000e+001 8.869716e+000 1.145535e+000
8.130000e+002 5.000000e+000 5.777994e+000 -3.479293e-001
8.140000e+002 5.000000e+000 4.948285e+000 2.312749e-002
8.150000e+002 6.000000e+000 6.756287e+000 -3.087529e-001
8.160000e+002 1.200000e+001 9.689661e+000 6.669375e-001
8.170000e+002 9.000000e+000 9.868351e+000 -2.894504e-001
8.180000e+002 1.100000e+001 7.715098e+000 9.904354e-001
8.190000e+002 3.000000e+000 4.479451e+000 -8.541614e-001
8.200000e+002 8.000000e+000 6.163965e+000 6.491365e-001
8.210000e+002 7.000000e+000 7.420827e+000 -1.590578e-001
8.220000e+002 9.000000e+000 5.768355e+000 1.077215e+000
8.230000e+002 1.000000e+000 1.460194e+000 -4.601938e-001
8.240000e+002 2.000000e+000 1.947545e+000 3.709128e-002
8.250000e+002 5.000000e+000 3.244757e+000 7.849687e-001
8.260000e+002 1.000000e+000 1.332898e+000 -3.328982e-001
8.270000e+002 1.000000e+000 8.171720e-001 1.828280e-001
8.280000e+002 0.000000e+000 3.448159e-002 -3.448159e-002
8.290000e+002 0.000000e+000 1.814421e-001 -1.814421e-001
8.300000e+002 2.000000e+000 1.381760e+000 4.371616e-001
8.310000e+002 0.000000e+000 2.142497e-001 -2.142497e-001
8.320000e+002 0.000000e+000 -1.355230e-001 1.355230e-001
8.330000e+002 0.000000e+000 2.777951e-001 -2.777951e-001
8.340000e+002 3.000000e+000 1.792819e+000 6.969664e-001
8.350000e+002 0.000000e+000 2.435666e-001 -2.435666e-001
8.360000e+002 0.000000e+000 1.502787e-002 -1.502787e-002
8.370000e+002 1.000000e+000 8.804389e-001 1.195611e-001
8.380000e+002 1.000000e+000 1.166280e+000 -1.662799e-001
8.390000e+002 2.000000e+000 1.532301e+000 3.307130e-001
8.400000e+002 0.000000e+000 1.889032e-001 -1.889032e-001
8.410000e+002 0.000000e+000 -9.430032e-002 9.430032e-002
8.420000e+002 0.000000e+000 9.337949e-002 -9.337949e-002
8.430000e+002 1.000000e+000 9.084835e-001 9.151648e-002
8.440000e+002 1.000000e+000 1.032633e+000 -3.263297e-002
8.450000e+002 1.000000e+000 1.033743e+000 -3.374311e-002
8.460000e+002 1.000000e+000 9.080067e-001 9.199328e-002
8.470000e+002 0.000000e+000 5.747082e-002 -5.747082e-002
8.480000e+002 0.000000e+000 5.890318e-002 -5.890318e-002
8.490000e+002 1.000000e+000 9.427085e-001 5.729153e-002
8.500000e+002 1.000000e+000 8.864830e-001 1.135170e-001
8.510000e+002 0.000000e+000 2.977116e-001 -2.977116e-001
8.520000e+002 2.000000e+000 1.262683e+000 5.213620e-001
8.530000e+002 0.000000e+000 2.990845e-001 -2.990845e-001
8.540000e+002 1.000000e+000 8.224901e-001 1.775099e-001
8.550000e+002 1.000000e+000 1.139566e+000 -1.395659e-001
8.560000e+002 2.000000e+000 1.689504e+000 2.195540e-001
8.570000e+002 1.000000e+000 1.139516e+000 -1.395159e-001
8.580000e+002 1.000000e+000 8.434825e-001 1.565175e-001
8.590000e+002 0.000000e+000 2.199205e-001 -2.199205e-001
8.600000e+002 1.000000e+000 7.825035e-001 2.174965e-001
8.610000e+002 0.000000e+000 7.146138e-002 -7.146138e-002
8.620000e+002 0.000000e+000 1.735842e-001 -1.735842e-001
8.630000e+002 2.000000e+000 1.274597e+000 5.129374e-001
8.640000e+002 0.000000e+000 3.927683e-001 -3.927683e-001
8.650000e+002 2.000000e+000 1.496234e+000 3.562164e-001
8.660000e+002 1.000000e+000 1.037224e+000 -3.722436e-002
8.670000e+002 0.000000e+000 6.166045e-003 -6.166045e-003
8.680000e+002 0.000000e+000 1.542750e-001 -1.542750e-001
8.690000e+002 2.000000e+000 1.534195e+000 3.293736e-001
8.700000e+002 1.000000e+000 1.131166e+000 -1.311663e-001
8.710000e+002 1.000000e+000 1.007890e+000 -7.890449e-003
8.720000e+002 1.000000e+000 8.724507e-001 1.275493e-001
8.730000e+002 0.000000e+000 1.565015e-001 -1.565015e-001
8.740000e+002 1.000000e+000 1.008968e+000 -8.968239e-003
8.750000e+002 2.000000e+000 1.591528e+000 2.888331e-001
8.760000e+002 0.000000e+000 1.590637e-001 -1.590637e-001
8.770000e+002 0.000000e+000 6.547771e-002 -6.547771e-002
8.780000e+002 1.000000e+000 7.554413e-001 2.445587e-001
8.790000e+002 0.000000e+000 2.873835e-001 -2.873835e-001
8.800000e+002 2.000000e+000 1.633799e+000 2.589434e-001
8.810000e+002 2.000000e+000 2.094827e+000 -6.705268e-002
8.820000e+002 2.000000e+000 2.094918e+000 -6.711689e-002
8.830000e+002 2.000000e+000 1.634107e+000 2.587256e-001
8.840000e+002 0.000000e+000 2.857351e-001 -2.857351e-001
8.850000e+002 1.000000e+000 7.552075e-001 2.447925e-001
8.860000e+002 0.000000e+000 1.280141e-001 -1.280141e-001
8.870000e+002 0.000000e+000 -6.738500e-002 6.738500e-002
8.880000e+002 0.000000e+000 1.268598e-001 -1.268598e-001
8.890000e+002 1.000000e+000 7.838414e-001 2.161586e-001
8.900000e+002 0.000000e+000 2.173239e-001 -2.173239e-001
8.910000e+002 1.000000e+000 8.306720e-001 1.693280e-001
8.920000e+002 1.000000e+000 1.225570e+000 -2.255702e-001
8.930000e+002 3.000000e+000 1.845713e+000 6.664281e-001
8.940000e+002 0.000000e+000 3.987811e-001 -3.987811e-001
8.950000e+002 2.000000e+000 1.779984e+000 1.555751e-001
8.960000e+002 3.000000e+000 2.238158e+000 4.398499e-001
8.970000e+002 0.000000e+000 3.417584e-001 -3.417584e-001
8.980000e+002 1.000000e+000 8.200750e-001 1.799250e-001
8.990000e+002 1.000000e+000 1.069795e+000 -6.979538e-002
9.000000e+002 1.000000e+000 9.089630e-001 9.103699e-002
9.010000e+002 0.000000e+000 9.103403e-002 -9.103403e-002
9.020000e+002 0.000000e+000 -3.289706e-002 3.289706e-002
9.030000e+002 0.000000e+000 8.022118e-004 -8.022118e-004
9.040000e+002 0.000000e+000 -3.187226e-002 3.187226e-002
9.050000e+002 0.000000e+000 1.288058e-001 -1.288058e-001
9.060000e+002 1.000000e+000 7.259122e-001 2.740878e-001
9.070000e+002 0.000000e+000 3.581719e-001 -3.581719e-001
9.080000e+002 3.000000e+000 2.412652e+000 3.391056e-001
9.090000e+002 3.000000e+000 2.710786e+000 1.669781e-001
9.100000e+002 1.000000e+000 1.170784e+000 -1.707843e-001
9.110000e+002 1.000000e+000 9.374152e-001 6.258484e-002
9.120000e+002 1.000000e+000 1.036796e+000 -3.679567e-002
9.130000e+002 1.000000e+000 8.310386e-001 1.689614e-001
9.140000e+002 0.000000e+000 3.451697e-001 -3.451697e-001
9.150000e+002 3.000000e+000 1.913470e+000 6.273086e-001
9.160000e+002 1.000000e+000 1.194693e+000 -1.946927e-001
9.170000e+002 1.000000e+000 9.891220e-001 1.087800e-002
9.180000e+002 1.000000e+000 9.090031e-001 9.099686e-002
9.190000e+002 0.000000e+000 9.366866e-002 -9.366866e-002
9.200000e+002 0.000000e+000 -1.079585e-001 1.079585e-001
9.210000e+002 0.000000e+000 2.722761e-001 -2.722761e-001
9.220000e+002 3.000000e+000 1.720271e+000 7.388519e-001
9.230000e+002 0.000000e+000 3.642239e-001 -3.642239e-001
9.240000e+002 1.000000e+000 7.386584e-001 2.613416e-001
9.250000e+002 1.000000e+000 1.335620e+000 -3.356205e-001
9.260000e+002 5.000000e+000 3.362203e+000 7.324451e-001
9.270000e+002 2.000000e+000 2.104004e+000 -7.354215e-002
9.280000e+002 0.000000e+000 9.635484e-002 -9.635484e-002
9.290000e+002 0.000000e+000 5.685429e-002 -5.685429e-002
9.300000e+002 1.000000e+000 8.191775e-001 1.808225e-001
9.310000e+002 0.000000e+000 9.372947e-002 -9.372947e-002
9.320000e+002 0.000000e+000 9.112965e-002 -9.112965e-002
9.330000e+002 1.000000e+000 7.807534e-001 2.192466e-001
9.340000e+002 0.000000e+000 2.539480e-001 -2.539480e-001
9.350000e+002 1.000000e+000 7.816968e-001 2.183032e-001
9.360000e+002 0.000000e+000 9.126612e-002 -9.126612e-002
9.370000e+002 0.000000e+000 5.883544e-002 -5.883544e-002
9.380000e+002 1.000000e+000 9.450444e-001 5.495557e-002
9.390000e+002 1.000000e+000 8.759408e-001 1.240592e-001
9.400000e+002 0.000000e+000 2.174095e-001 -2.174095e-001
9.410000e+002 2.000000e+000 1.958137e+000 2.960174e-002
9.420000e+002 4.000000e+000 3.392668e+000 3.036660e-001
9.430000e+002 2.000000e+000 1.958166e+000 2.958076e-002
9.440000e+002 0.000000e+000 1.929294e-001 -1.929294e-001
9.450000e+002 1.000000e+000 9.697656e-001 3.023437e-002
9.460000e+002 2.000000e+000 1.499409e+000 3.539713e-001
9.470000e+002 0.000000e+000 3.936685e-001 -3.936685e-001
9.480000e+002 2.000000e+000 1.275655e+000 5.121896e-001
9.490000e+002 0.000000e+000 2.076468e-001 -2.076468e-001
9.500000e+002 0.000000e+000 -8.956033e-002 8.956033e-002
9.510000e+002 0.000000e+000 1.278637e-001 -1.278637e-001
9.520000e+002 1.000000e+000 7.823638e-001 2.176362e-001
9.530000e+002 0.000000e+000 1.913620e-001 -1.913620e-001
9.540000e+002 1.000000e+000 1.004442e+000 -4.442073e-003
9.550000e+002 2.000000e+000 1.531682e+000 3.311508e-001
9.560000e+002 0.000000e+000 2.798306e-001 -2.798306e-001
9.570000e+002 1.000000e+000 8.817807e-001 1.182193e-001
9.580000e+002 1.000000e+000 9.439260e-001 5.607399e-002
9.590000e+002 0.000000e+000 3.020266e-002 -3.020266e-002
9.600000e+002 0.000000e+000 1.586396e-001 -1.586396e-001
9.610000e+002 2.000000e+000 1.592018e+000 2.884870e-001
9.620000e+002 1.000000e+000 9.724762e-001 2.752377e-002
9.630000e+002 0.000000e+000 3.235621e-001 -3.235621e-001
9.640000e+002 3.000000e+000 1.594362e+000 8.115452e-001
9.650000e+002 0.000000e+000 4.620274e-001 -4.620274e-001
9.660000e+002 2.000000e+000 1.157670e+000 5.956174e-001
9.670000e+002 0.000000e+000 3.814898e-001 -3.814898e-001
9.680000e+002 2.000000e+000 1.443230e+000 3.936956e-001
9.690000e+002 1.000000e+000 1.158868e+000 -1.588681e-001
9.700000e+002 1.000000e+000 8.483298e-001 1.516702e-001
9.710000e+002 0.000000e+000 2.174108e-001 -2.174108e-001
9.720000e+002 1.000000e+000 7.823618e-001 2.176382e-001
9.730000e+002 0.000000e+000 1.278967e-001 -1.278967e-001
9.740000e+002 0.000000e+000 -3.399469e-002 3.399469e-002
9.750000e+002 0.000000e+000 -3.398955e-002 3.398955e-002
9.760000e+002 0.000000e+000 1.278257e-001 -1.278257e-001
9.770000e+002 1.000000e+000 7.823922e-001 2.176078e-001
9.780000e+002 0.000000e+000 2.199373e-001 -2.199373e-001
9.790000e+002 1.000000e+000 8.377169e-001 1.622831e-001
9.800000e+002 1.000000e+000 1.105197e+000 -1.051973e-001
9.810000e+002 2.000000e+000 2.037757e+000 -2.669803e-002
9.820000e+002 3.000000e+000 2.471138e+000 3.053389e-001
9.830000e+002 1.000000e+000 1.206325e+000 -2.063250e-001
9.840000e+002 1.000000e+000 8.156330e-001 1.843670e-001
9.850000e+002 0.000000e+000 2.202796e-001 -2.202796e-001
9.860000e+002 1.000000e+000 7.841892e-001 2.158108e-001
9.870000e+002 0.000000e+000 9.214763e-002 -9.214763e-002
9.880000e+002 0.000000e+000 5.714862e-002 -5.714862e-002
9.890000e+002 1.000000e+000 9.426091e-001 5.739091e-002
9.900000e+002 1.000000e+000 9.425824e-001 5.741757e-002
9.910000e+002 0.000000e+000 5.710260e-002 -5.710260e-002
9.920000e+002 0.000000e+000 9.317431e-002 -9.317431e-002
9.930000e+002 1.000000e+000 7.820274e-001 2.179726e-001
9.940000e+002 0.000000e+000 1.903936e-001 -1.903936e-001
9.950000e+002 1.000000e+000 1.007929e+000 -7.929309e-003
9.960000e+002 2.000000e+000 1.590465e+000 2.895849e-001
9.970000e+002 0.000000e+000 1.575505e-001 -1.575505e-001
9.980000e+002 0.000000e+000 6.452030e-002 -6.452030e-002
9.990000e+002 1.000000e+000 8.167364e-001 1.832636e-001
1.000000e+003 0.000000e+000 9.365638e-002 -9.365638e-002
1.001000e+003 0.000000e+000 9.201723e-002 -9.201723e-002
1.002000e+003 1.000000e+000 7.818166e-001 2.181834e-001
1.003000e+003 0.000000e+000 2.193465e-001 -2.193465e-001
1.004000e+003 1.000000e+000 8.720348e-001 1.279652e-001
1.005000e+003 1.000000e+000 1.032947e+000 -3.294745e-002
1.006000e+003 1.000000e+000 1.034777e+000 -3.477738e-002
1.007000e+003 1.000000e+000 9.068906e-001 9.310941e-002
1.008000e+003 0.000000e+000 5.829841e-002 -5.829841e-002
1.009000e+003 0.000000e+000 9.318428e-002 -9.318428e-002
1.010000e+003 1.000000e+000 7.827522e-001 2.172478e-001
1.011000e+003 0.000000e+000 2.183028e-001 -2.183028e-001
1.012000e+003 1.000000e+000 8.718967e-001 1.281033e-001
1.013000e+003 1.000000e+000 1.067769e+000 -6.776904e-002
1.014000e+003 1.000000e+000 9.087010e-001 9.129896e-002
1.015000e+003 0.000000e+000 9.143029e-002 -9.143029e-002
1.016000e+003 0.000000e+000 -6.862441e-002 6.862441e-002
1.017000e+003 0.000000e+000 1.268362e-001 -1.268362e-001
1.018000e+003 1.000000e+000 8.179651e-001 1.820349e-001
1.019000e+003 0.000000e+000 1.279289e-001 -1.279289e-001
1.020000e+003 0.000000e+000 -1.004184e-001 1.004184e-001
1.021000e+003 0.000000e+000 1.742772e-001 -1.742772e-001
1.022000e+003 2.000000e+000 1.774968e+000 1.591220e-001
1.023000e+003 2.000000e+000 1.720057e+000 1.979496e-001
1.024000e+003 0.000000e+000 2.949071e-001 -2.949071e-001
1.025000e+003 1.000000e+000 7.511647e-001 2.488353e-001
1.026000e+003 0.000000e+000 1.263505e-001 -1.263505e-001
1.027000e+003 0.000000e+000 -3.097402e-002 3.097402e-002
